OC-11-5-17 11 500 1700 70 445 G1/2" 4,4 2,023 23,3 OC-20-3-10 20 300 1000 70 245 G1/2" 3,4 0,933 13,6
OV-11-5-17 11 500 1700 70 445 G1/2" 4,4 2,023 23,8 OV-20-3-10 20 300 1000 70 245 G1/2" 3,4 0,933 14,1
OC-11-5-18 11 500 1800 70 445 G1/2" 4,7 2,142 24,7 OC-20-3-11 20 300 1100 70 245 G1/2" 3,7 1,027 15,0
OV-11-5-18 11 500 1800 70 445 G1/2" 4,7 2,142 25,2 OV-20-3-11 20 300 1100 70 245 G1/2" 3,7 1,027 15,5
OC-11-5-19 11 500 1900 70 445 G1/2" 4,9 2,261 26,1 OC-20-3-12 20 300 1200 70 245 G1/2" 4,0 1,120 16,4
OV-11-5-19 11 500 1900 70 445 G1/2" 4,9 2,261 26,6 OV-20-3-12 20 300 1200 70 245 G1/2" 4,0 1,120 16,9
OC-11-5-20 11 500 2000 70 445 G1/2" 5,2 2,380 27,5 OC-20-3-13 20 300 1300 70 245 G1/2" 4,4 1,213 17,7
OV-11-5-20 11 500 2000 70 445 G1/2" 5,2 2,380 28,0 OV-20-3-13 20 300 1300 70 245 G1/2" 4,4 1,213 18,2
OC-11-5-21 11 500 2100 70 445 G1/2" 5,5 2,499 28,8 OC-20-3-14 20 300 1400 70 245 G1/2" 4,7 1,307 19,1
OV-11-5-21 11 500 2100 70 445 G1/2" 5,5 2,499 29,3 OV-20-3-14 20 300 1400 70 245 G1/2" 4,7 1,307 19,6
OC-11-5-22 11 500 2200 70 445 G1/2" 5,7 2,617 29,1 OC-20-3-15 20 300 1500 70 245 G1/2" 5,0 1,400 20,4
OV-11-5-22 11 500 2200 70 445 G1/2" 5,7 2,617 29,6 OV-20-3-15 20 300 1500 70 245 G1/2" 5,0 1,400 20,9
OC-11-5-23 11 500 2300 70 445 G1/2" 6,0 2,736 31,6 OC-20-3-16 20 300 1600 70 245 G1/2" 5,4 1,493 21,8
OV-11-5-23 11 500 2300 70 445 G1/2" 6,0 2,736 32,1 OV-20-3-16 20 300 1600 70 245 G1/2" 5,4 1,493 22,3
OC-11-5-24 11 500 2400 70 445 G1/2" 6,2 2,855 33,0 OC-20-3-17 20 300 1700 70 245 G1/2" 5,7 1,586 23,2
OV-11-5-24 11 500 2400 70 445 G1/2" 6,2 2,855 33,5 OV-20-3-17 20 300 1700 70 245 G1/2" 5,7 1,586 23,7
OC-11-5-25 11 500 2500 70 445 G1/2" 6,5 2,974 34,3 OC-20-3-18 20 300 1800 70 245 G1/2" 6,0 1,680 24,5
OV-11-5-25 11 500 2500 70 445 G1/2" 6,5 2,974 34,8 OV-20-3-18 20 300 1800 70 245 G1/2" 6,0 1,680 25,0
OC-11-5-26 11 500 2600 70 445 G1/2" 6,8 3,093 35,7 OC-20-3-19 20 300 1900 70 245 G1/2" 6,4 1,773 25,9
OV-11-5-26 11 500 2600 70 445 G1/2" 6,8 3,093 36,2 OV-20-3-19 20 300 1900 70 245 G1/2" 6,4 1,773 26,4
OC-11-5-27 11 500 2700 70 445 G1/2" 7,0 3,212 37,1 OC-20-3-20 20 300 2000 70 245 G1/2" 6,7 1,866 27,2
OV-11-5-27 11 500 2700 70 445 G1/2" 7,0 3,212 37,6 OV-20-3-20 20 300 2000 70 245 G1/2" 6,7 1,866 27,7
OC-11-5-28 11 500 2800 70 445 G1/2" 7,3 3,331 38,4 OC-20-3-21 20 300 2100 70 245 G1/2" 7,0 1,960 28,6
OV-11-5-28 11 500 2800 70 445 G1/2" 7,3 3,331 38,9 OV-20-3-21 20 300 2100 70 245 G1/2" 7,0 1,960 29,1
OC-11-5-29 11 500 2900 70 445 G1/2" 7,5 3,450 39,8 OC-20-3-22 20 300 2200 70 245 G1/2" 7,4 2,053 30,0
OV-11-5-29 11 500 2900 70 445 G1/2" 7,5 3,450 40,3 OV-20-3-22 20 300 2200 70 245 G1/2" 7,4 2,053 30,5
OC-11-5-30 11 500 3000 70 445 G1/2" 7,8 3,569 41,2 OC-20-3-23 20 300 2300 70 245 G1/2" 7,7 2,146 31,3
OV-11-5-30 11 500 3000 70 445 G1/2" 7,8 3,569 41,7 OV-20-3-23 20 300 2300 70 245 G1/2" 7,7 2,146 31,8
OC-20-3-04 20 300 400 70 245 G1/2" 1,3 0,373 5,5 OC-20-3-24 20 300 2400 70 245 G1/2" 8,0 2,240 32,7
OV-20-3-04 20 300 400 70 245 G1/2" 1,3 0,373 6,0 OV-20-3-24 20 300 2400 70 245 G1/2" 8,0 2,240 33,2
OC-20-3-05 20 300 500 70 245 G1/2" 1,7 0,467 6,8 OC-20-3-25 20 300 2500 70 245 G1/2" 8,4 2,333 34,1
OV-20-3-05 20 300 500 70 245 G1/2" 1,7 0,467 7,3 OV-20-3-25 20 300 2500 70 245 G1/2" 8,4 2,333 34,6
OC-20-3-06 20 300 600 70 245 G1/2" 2,0 0,560 8,2 OC-20-3-26 20 300 2600 70 245 G1/2" 8,7 2,426 35,4
OV-20-3-06 20 300 600 70 245 G1/2" 2,0 0,560 8,7 OV-20-3-26 20 300 2600 70 245 G1/2" 8,7 2,426 35,9
OC-20-3-07 20 300 700 70 245 G1/2" 2,3 0,653 9,5 OC-20-3-27 20 300 2700 70 245 G1/2" 9,0 2,520 36,8
OV-20-3-07 20 300 700 70 245 G1/2" 2,3 0,653 10,0 OV-20-3-27 20 300 2700 70 245 G1/2" 9,0 2,520 37,3
OC-20-3-08 20 300 800 70 245 G1/2" 2,7 0,747 10,9 OC-20-3-28 20 300 2800 70 245 G1/2" 9,4 2,613 38,2
OV-20-3-08 20 300 800 70 245 G1/2" 2,7 0,747 11,4 OV-20-3-28 20 300 2800 70 245 G1/2" 9,4 2,613 38,7
OC-20-3-09 20 300 900 70 245 G1/2" 3,0 0,840 12,3 OC-20-3-29 20 300 2900 70 245 G1/2" 9,7 2,706 39,5
OV-20-3-09 20 300 900 70 245 G1/2" 3,0 0,840 12,8 OV-20-3-29 20 300 2900 70 245 G1/2" 9,7 2,706 40,0
6 7OC-11-5-17 11 500 1700 70 445 G1/2" 4,4 2,023 23,3 OC-20-3-10 20 300 1000 70 245 G1/2" 3,4 0,933 13,6
OV-11-5-17 11 500 1700 70 445 G1/2" 4,4 2,023 23,8 OV-20-3-10 20 300 1000 70 245 G1/2" 3,4 0,933 14,1
OC-11-5-18 11 500 1800 70 445 G1/2" 4,7 2,142 24,7 OC-20-3-11 20 300 1100 70 245 G1/2" 3,7 1,027 15,0
OV-11-5-18 11 500 1800 70 445 G1/2" 4,7 2,142 25,2 OV-20-3-11 20 300 1100 70 245 G1/2" 3,7 1,027 15,5
OC-11-5-19 11 500 1900 70 445 G1/2" 4,9 2,261 26,1 OC-20-3-12 20 300 1200 70 245 G1/2" 4,0 1,120 16,4
OV-11-5-19 11 500 1900 70 445 G1/2" 4,9 2,261 26,6 OV-20-3-12 20 300 1200 70 245 G1/2" 4,0 1,120 16,9
OC-11-5-20 11 500 2000 70 445 G1/2" 5,2 2,380 27,5 OC-20-3-13 20 300 1300 70 245 G1/2" 4,4 1,213 17,7
OV-11-5-20 11 500 2000 70 445 G1/2" 5,2 2,380 28,0 OV-20-3-13 20 300 1300 70 245 G1/2" 4,4 1,213 18,2
OC-11-5-21 11 500 2100 70 445 G1/2" 5,5 2,499 28,8 OC-20-3-14 20 300 1400 70 245 G1/2" 4,7 1,307 19,1
OV-11-5-21 11 500 2100 70 445 G1/2" 5,5 2,499 29,3 OV-20-3-14 20 300 1400 70 245 G1/2" 4,7 1,307 19,6
OC-11-5-22 11 500 2200 70 445 G1/2" 5,7 2,617 29,1 OC-20-3-15 20 300 1500 70 245 G1/2" 5,0 1,400 20,4
OV-11-5-22 11 500 2200 70 445 G1/2" 5,7 2,617 29,6 OV-20-3-15 20 300 1500 70 245 G1/2" 5,0 1,400 20,9
OC-11-5-23 11 500 2300 70 445 G1/2" 6,0 2,736 31,6 OC-20-3-16 20 300 1600 70 245 G1/2" 5,4 1,493 21,8
OV-11-5-23 11 500 2300 70 445 G1/2" 6,0 2,736 32,1 OV-20-3-16 20 300 1600 70 245 G1/2" 5,4 1,493 22,3
OC-11-5-24 11 500 2400 70 445 G1/2" 6,2 2,855 33,0 OC-20-3-17 20 300 1700 70 245 G1/2" 5,7 1,586 23,2
OV-11-5-24 11 500 2400 70 445 G1/2" 6,2 2,855 33,5 OV-20-3-17 20 300 1700 70 245 G1/2" 5,7 1,586 23,7
OC-11-5-25 11 500 2500 70 445 G1/2" 6,5 2,974 34,3 OC-20-3-18 20 300 1800 70 245 G1/2" 6,0 1,680 24,5
OV-11-5-25 11 500 2500 70 445 G1/2" 6,5 2,974 34,8 OV-20-3-18 20 300 1800 70 245 G1/2" 6,0 1,680 25,0
OC-11-5-26 11 500 2600 70 445 G1/2" 6,8 3,093 35,7 OC-20-3-19 20 300 1900 70 245 G1/2" 6,4 1,773 25,9
OV-11-5-26 11 500 2600 70 445 G1/2" 6,8 3,093 36,2 OV-20-3-19 20 300 1900 70 245 G1/2" 6,4 1,773 26,4
OC-11-5-27 11 500 2700 70 445 G1/2" 7,0 3,212 37,1 OC-20-3-20 20 300 2000 70 245 G1/2" 6,7 1,866 27,2
OV-11-5-27 11 500 2700 70 445 G1/2" 7,0 3,212 37,6 OV-20-3-20 20 300 2000 70 245 G1/2" 6,7 1,866 27,7
OC-11-5-28 11 500 2800 70 445 G1/2" 7,3 3,331 38,4 OC-20-3-21 20 300 2100 70 245 G1/2" 7,0 1,960 28,6
OV-11-5-28 11 500 2800 70 445 G1/2" 7,3 3,331 38,9 OV-20-3-21 20 300 2100 70 245 G1/2" 7,0 1,960 29,1
OC-11-5-29 11 500 2900 70 445 G1/2" 7,5 3,450 39,8 OC-20-3-22 20 300 2200 70 245 G1/2" 7,4 2,053 30,0
OV-11-5-29 11 500 2900 70 445 G1/2" 7,5 3,450 40,3 OV-20-3-22 20 300 2200 70 245 G1/2" 7,4 2,053 30,5
OC-11-5-30 11 500 3000 70 445 G1/2" 7,8 3,569 41,2 OC-20-3-23 20 300 2300 70 245 G1/2" 7,7 2,146 31,3
OV-11-5-30 11 500 3000 70 445 G1/2" 7,8 3,569 41,7 OV-20-3-23 20 300 2300 70 245 G1/2" 7,7 2,146 31,8
OC-20-3-04 20 300 400 70 245 G1/2" 1,3 0,373 5,5 OC-20-3-24 20 300 2400 70 245 G1/2" 8,0 2,240 32,7
OV-20-3-04 20 300 400 70 245 G1/2" 1,3 0,373 6,0 OV-20-3-24 20 300 2400 70 245 G1/2" 8,0 2,240 33,2
OC-20-3-05 20 300 500 70 245 G1/2" 1,7 0,467 6,8 OC-20-3-25 20 300 2500 70 245 G1/2" 8,4 2,333 34,1
OV-20-3-05 20 300 500 70 245 G1/2" 1,7 0,467 7,3 OV-20-3-25 20 300 2500 70 245 G1/2" 8,4 2,333 34,6
OC-20-3-06 20 300 600 70 245 G1/2" 2,0 0,560 8,2 OC-20-3-26 20 300 2600 70 245 G1/2" 8,7 2,426 35,4
OV-20-3-06 20 300 600 70 245 G1/2" 2,0 0,560 8,7 OV-20-3-26 20 300 2600 70 245 G1/2" 8,7 2,426 35,9
OC-20-3-07 20 300 700 70 245 G1/2" 2,3 0,653 9,5 OC-20-3-27 20 300 2700 70 245 G1/2" 9,0 2,520 36,8
OV-20-3-07 20 300 700 70 245 G1/2" 2,3 0,653 10,0 OV-20-3-27 20 300 2700 70 245 G1/2" 9,0 2,520 37,3
OC-20-3-08 20 300 800 70 245 G1/2" 2,7 0,747 10,9 OC-20-3-28 20 300 2800 70 245 G1/2" 9,4 2,613 38,2
OV-20-3-08 20 300 800 70 245 G1/2" 2,7 0,747 11,4 OV-20-3-28 20 300 2800 70 245 G1/2" 9,4 2,613 38,7
OC-20-3-09 20 300 900 70 245 G1/2" 3,0 0,840 12,3 OC-20-3-29 20 300 2900 70 245 G1/2" 9,7 2,706 39,5
OV-20-3-09 20 300 900 70 245 G1/2" 3,0 0,840 12,8 OV-20-3-29 20 300 2900 70 245 G1/2" 9,7 2,706 40,0
6 7OC-20-3-30 20 300 3000 70 245 G1/2" 10,1 2,800 40,9 OC-20-5-23 20 500 2300 70 445 G1/2" 11,8 3,259 49,1
OV-20-3-30 20 300 3000 70 245 G1/2" 10,1 2,800 41,4 OV-20-5-23 20 500 2300 70 445 G1/2" 11,8 3,259 49,6
OC-20-5-04 20 500 400 70 445 G1/2" 2,0 0,567 8,5 OC-20-5-24 20 500 2400 70 445 G1/2" 12,3 3,401 51,3
OV-20-5-04 20 500 400 70 445 G1/2" 2,0 0,567 9,0 OV-20-5-24 20 500 2400 70 445 G1/2" 12,3 3,401 51,8
OC-20-5-05 20 500 500 70 445 G1/2" 2,6 0,709 10,7 OC-20-5-25 20 500 2500 70 445 G1/2" 12,8 3,543 53,4
OV-20-5-05 20 500 500 70 445 G1/2" 2,6 0,709 11,2 OV-20-5-25 20 500 2500 70 445 G1/2" 12,8 3,543 53,9
OC-20-5-06 20 500 600 70 445 G1/2" 3,1 0,850 12,8 OC-20-5-26 20 500 2600 70 445 G1/2" 13,3 3,684 55,6
OV-20-5-06 20 500 600 70 445 G1/2" 3,1 0,850 13,3 OV-20-5-26 20 500 2600 70 445 G1/2" 13,3 3,684 56,1
OC-20-5-07 20 500 700 70 445 G1/2" 3,6 0,992 15,0 OC-20-5-27 20 500 2700 70 445 G1/2" 13,8 3,826 57,7
OV-20-5-07 20 500 700 70 445 G1/2" 3,6 0,992 15,5 OV-20-5-27 20 500 2700 70 445 G1/2" 13,8 3,826 58,2
OC-20-5-08 20 500 800 70 445 G1/2" 4,1 1,134 17,1 OC-20-5-28 20 500 2800 70 445 G1/2" 14,3 3,968 59,8
OV-20-5-08 20 500 800 70 445 G1/2" 4,1 1,134 17,6 OV-20-5-28 20 500 2800 70 445 G1/2" 14,3 3,968 60,3
OC-20-5-09 20 500 900 70 445 G1/2" 4,6 1,275 19,2 OC-20-5-29 20 500 2900 70 445 G1/2" 14,8 4,110 62,0
OV-20-5-09 20 500 900 70 445 G1/2" 4,6 1,275 19,7 OV-20-5-29 20 500 2900 70 445 G1/2" 14,8 4,110 62,5
OC-20-5-10 20 500 1000 70 445 G1/2" 5,1 1,417 21,4 OC-20-5-30 20 500 3000 70 445 G1/2" 15,4 4,251 64,1
OV-20-5-10 20 500 1000 70 445 G1/2" 5,1 1,417 21,9 OV-20-5-30 20 500 3000 70 445 G1/2" 15,4 4,251 64,6
OC-20-5-11 20 500 1100 70 445 G1/2" 5,6 1,559 23,5 OC-21-3-04 21 300 400 70 245 G1/2" 1,3 0,469 5,8
OV-20-5-11 20 500 1100 70 445 G1/2" 5,6 1,559 24,0 OV-21-3-04 21 300 400 70 245 G1/2" 1,3 0,469 6,3
OC-20-5-12 20 500 1200 70 445 G1/2" 6,1 1,701 25,6 OC-21-3-05 21 300 500 70 245 G1/2" 1,7 0,586 7,2
OV-20-5-12 20 500 1200 70 445 G1/2" 6,1 1,701 26,1 OV-21-3-05 21 300 500 70 245 G1/2" 1,7 0,586 7,7
OC-20-5-13 20 500 1300 70 445 G1/2" 6,7 1,842 27,8 OC-21-3-06 21 300 600 70 245 G1/2" 2,0 0,704 8,7
OV-20-5-13 20 500 1300 70 445 G1/2" 6,7 1,842 28,3 OV-21-3-06 21 300 600 70 245 G1/2" 2,0 0,704 9,2
OC-20-5-14 20 500 1400 70 445 G1/2" 7,2 1,984 29,9 OC-21-3-07 21 300 700 70 245 G1/2" 2,3 0,821 10,1
OV-20-5-14 20 500 1400 70 445 G1/2" 7,2 1,984 30,4 OV-21-3-07 21 300 700 70 245 G1/2" 2,3 0,821 10,6
OC-20-5-15 20 500 1500 70 445 G1/2" 7,7 2,126 32,0 OC-21-3-08 21 300 800 70 245 G1/2" 2,7 0,938 11,6
OV-20-5-15 20 500 1500 70 445 G1/2" 7,7 2,126 32,5 OV-21-3-08 21 300 800 70 245 G1/2" 2,7 0,938 12,1
OC-20-5-16 20 500 1600 70 445 G1/2" 8,2 2,267 34,2 OC-21-3-09 21 300 900 70 245 G1/2" 3,0 1,055 13,0
OV-20-5-16 20 500 1600 70 445 G1/2" 8,2 2,267 34,7 OV-21-3-09 21 300 900 70 245 G1/2" 3,0 1,055 13,5
OC-20-5-17 20 500 1700 70 445 G1/2" 8,7 2,409 36,3 OC-21-3-10 21 300 1000 70 245 G1/2" 3,4 1,173 14,5
OV-20-5-17 20 500 1700 70 445 G1/2" 8,7 2,409 36,8 OV-21-3-10 21 300 1000 70 245 G1/2" 3,4 1,173 15,0
OC-20-5-18 20 500 1800 70 445 G1/2" 9,2 2,551 38,5 OC-21-3-11 21 300 1100 70 245 G1/2" 3,7 1,290 15,9
OV-20-5-18 20 500 1800 70 445 G1/2" 9,2 2,551 39,0 OV-21-3-11 21 300 1100 70 245 G1/2" 3,7 1,290 16,4
OC-20-5-19 20 500 1900 70 445 G1/2" 9,7 2,692 40,6 OC-21-3-12 21 300 1200 70 245 G1/2" 4,0 1,407 17,3
OV-20-5-19 20 500 1900 70 445 G1/2" 9,7 2,692 41,1 OV-21-3-12 21 300 1200 70 245 G1/2" 4,0 1,407 17,8
OC-20-5-20 20 500 2000 70 445 G1/2" 10,2 2,834 42,7 OC-21-3-13 21 300 1300 70 245 G1/2" 4,4 1,524 18,8
OV-20-5-20 20 500 2000 70 445 G1/2" 10,2 2,834 43,2 OV-21-3-13 21 300 1300 70 245 G1/2" 4,4 1,524 19,3
OC-20-5-21 20 500 2100 70 445 G1/2" 10,8 2,976 44,9 OC-21-3-14 21 300 1400 70 245 G1/2" 4,7 1,642 20,2
OV-20-5-21 20 500 2100 70 445 G1/2" 10,8 2,976 45,4 OV-21-3-14 21 300 1400 70 245 G1/2" 4,7 1,642 20,7
OC-20-5-22 20 500 2200 70 445 G1/2" 11,3 3,118 47,0 OC-21-3-15 21 300 1500 70 245 G1/2" 5,0 1,759 21,7
OV-20-5-22 20 500 2200 70 445 G1/2" 11,3 3,118 47,5 OV-21-3-15 21 300 1500 70 245 G1/2" 5,0 1,759 22,2
8 9OC-20-3-30 20 300 3000 70 245 G1/2" 10,1 2,800 40,9 OC-20-5-23 20 500 2300 70 445 G1/2" 11,8 3,259 49,1
OV-20-3-30 20 300 3000 70 245 G1/2" 10,1 2,800 41,4 OV-20-5-23 20 500 2300 70 445 G1/2" 11,8 3,259 49,6
OC-20-5-04 20 500 400 70 445 G1/2" 2,0 0,567 8,5 OC-20-5-24 20 500 2400 70 445 G1/2" 12,3 3,401 51,3
OV-20-5-04 20 500 400 70 445 G1/2" 2,0 0,567 9,0 OV-20-5-24 20 500 2400 70 445 G1/2" 12,3 3,401 51,8
OC-20-5-05 20 500 500 70 445 G1/2" 2,6 0,709 10,7 OC-20-5-25 20 500 2500 70 445 G1/2" 12,8 3,543 53,4
OV-20-5-05 20 500 500 70 445 G1/2" 2,6 0,709 11,2 OV-20-5-25 20 500 2500 70 445 G1/2" 12,8 3,543 53,9
OC-20-5-06 20 500 600 70 445 G1/2" 3,1 0,850 12,8 OC-20-5-26 20 500 2600 70 445 G1/2" 13,3 3,684 55,6
OV-20-5-06 20 500 600 70 445 G1/2" 3,1 0,850 13,3 OV-20-5-26 20 500 2600 70 445 G1/2" 13,3 3,684 56,1
OC-20-5-07 20 500 700 70 445 G1/2" 3,6 0,992 15,0 OC-20-5-27 20 500 2700 70 445 G1/2" 13,8 3,826 57,7
OV-20-5-07 20 500 700 70 445 G1/2" 3,6 0,992 15,5 OV-20-5-27 20 500 2700 70 445 G1/2" 13,8 3,826 58,2
OC-20-5-08 20 500 800 70 445 G1/2" 4,1 1,134 17,1 OC-20-5-28 20 500 2800 70 445 G1/2" 14,3 3,968 59,8
OV-20-5-08 20 500 800 70 445 G1/2" 4,1 1,134 17,6 OV-20-5-28 20 500 2800 70 445 G1/2" 14,3 3,968 60,3
OC-20-5-09 20 500 900 70 445 G1/2" 4,6 1,275 19,2 OC-20-5-29 20 500 2900 70 445 G1/2" 14,8 4,110 62,0
OV-20-5-09 20 500 900 70 445 G1/2" 4,6 1,275 19,7 OV-20-5-29 20 500 2900 70 445 G1/2" 14,8 4,110 62,5
OC-20-5-10 20 500 1000 70 445 G1/2" 5,1 1,417 21,4 OC-20-5-30 20 500 3000 70 445 G1/2" 15,4 4,251 64,1
OV-20-5-10 20 500 1000 70 445 G1/2" 5,1 1,417 21,9 OV-20-5-30 20 500 3000 70 445 G1/2" 15,4 4,251 64,6
OC-20-5-11 20 500 1100 70 445 G1/2" 5,6 1,559 23,5 OC-21-3-04 21 300 400 70 245 G1/2" 1,3 0,469 5,8
OV-20-5-11 20 500 1100 70 445 G1/2" 5,6 1,559 24,0 OV-21-3-04 21 300 400 70 245 G1/2" 1,3 0,469 6,3
OC-20-5-12 20 500 1200 70 445 G1/2" 6,1 1,701 25,6 OC-21-3-05 21 300 500 70 245 G1/2" 1,7 0,586 7,2
OV-20-5-12 20 500 1200 70 445 G1/2" 6,1 1,701 26,1 OV-21-3-05 21 300 500 70 245 G1/2" 1,7 0,586 7,7
OC-20-5-13 20 500 1300 70 445 G1/2" 6,7 1,842 27,8 OC-21-3-06 21 300 600 70 245 G1/2" 2,0 0,704 8,7
OV-20-5-13 20 500 1300 70 445 G1/2" 6,7 1,842 28,3 OV-21-3-06 21 300 600 70 245 G1/2" 2,0 0,704 9,2
OC-20-5-14 20 500 1400 70 445 G1/2" 7,2 1,984 29,9 OC-21-3-07 21 300 700 70 245 G1/2" 2,3 0,821 10,1
OV-20-5-14 20 500 1400 70 445 G1/2" 7,2 1,984 30,4 OV-21-3-07 21 300 700 70 245 G1/2" 2,3 0,821 10,6
OC-20-5-15 20 500 1500 70 445 G1/2" 7,7 2,126 32,0 OC-21-3-08 21 300 800 70 245 G1/2" 2,7 0,938 11,6
OV-20-5-15 20 500 1500 70 445 G1/2" 7,7 2,126 32,5 OV-21-3-08 21 300 800 70 245 G1/2" 2,7 0,938 12,1
OC-20-5-16 20 500 1600 70 445 G1/2" 8,2 2,267 34,2 OC-21-3-09 21 300 900 70 245 G1/2" 3,0 1,055 13,0
OV-20-5-16 20 500 1600 70 445 G1/2" 8,2 2,267 34,7 OV-21-3-09 21 300 900 70 245 G1/2" 3,0 1,055 13,5
OC-20-5-17 20 500 1700 70 445 G1/2" 8,7 2,409 36,3 OC-21-3-10 21 300 1000 70 245 G1/2" 3,4 1,173 14,5
OV-20-5-17 20 500 1700 70 445 G1/2" 8,7 2,409 36,8 OV-21-3-10 21 300 1000 70 245 G1/2" 3,4 1,173 15,0
OC-20-5-18 20 500 1800 70 445 G1/2" 9,2 2,551 38,5 OC-21-3-11 21 300 1100 70 245 G1/2" 3,7 1,290 15,9
OV-20-5-18 20 500 1800 70 445 G1/2" 9,2 2,551 39,0 OV-21-3-11 21 300 1100 70 245 G1/2" 3,7 1,290 16,4
OC-20-5-19 20 500 1900 70 445 G1/2" 9,7 2,692 40,6 OC-21-3-12 21 300 1200 70 245 G1/2" 4,0 1,407 17,3
OV-20-5-19 20 500 1900 70 445 G1/2" 9,7 2,692 41,1 OV-21-3-12 21 300 1200 70 245 G1/2" 4,0 1,407 17,8
OC-20-5-20 20 500 2000 70 445 G1/2" 10,2 2,834 42,7 OC-21-3-13 21 300 1300 70 245 G1/2" 4,4 1,524 18,8
OV-20-5-20 20 500 2000 70 445 G1/2" 10,2 2,834 43,2 OV-21-3-13 21 300 1300 70 245 G1/2" 4,4 1,524 19,3
OC-20-5-21 20 500 2100 70 445 G1/2" 10,8 2,976 44,9 OC-21-3-14 21 300 1400 70 245 G1/2" 4,7 1,642 20,2
OV-20-5-21 20 500 2100 70 445 G1/2" 10,8 2,976 45,4 OV-21-3-14 21 300 1400 70 245 G1/2" 4,7 1,642 20,7
OC-20-5-22 20 500 2200 70 445 G1/2" 11,3 3,118 47,0 OC-21-3-15 21 300 1500 70 245 G1/2" 5,0 1,759 21,7
OV-20-5-22 20 500 2200 70 445 G1/2" 11,3 3,118 47,5 OV-21-3-15 21 300 1500 70 245 G1/2" 5,0 1,759 22,2
8 9OC-21-3-16 21 300 1600 70 245 G1/2" 5,4 1,876 23,1 OC-21-4-09 21 400 900 70 345 G1/2" 3,8 1,333 17,6
OV-21-3-16 21 300 1600 70 245 G1/2" 5,4 1,876 23,6 OV-21-4-09 21 400 900 70 345 G1/2" 3,8 1,333 18,1
OC-21-3-17 21 300 1700 70 245 G1/2" 5,7 1,993 24,6 OC-21-4-10 21 400 1000 70 345 G1/2" 4,2 1,481 19,5
OV-21-3-17 21 300 1700 70 245 G1/2" 5,7 1,993 25,1 OV-21-4-10 21 400 1000 70 345 G1/2" 4,2 1,481 20
OC-21-3-18 21 300 1800 70 245 G1/2" 6,0 2,111 26,0 OC-21-4-11 21 400 1100 70 345 G1/2" 4,7 1,629 21,5
OV-21-3-18 21 300 1800 70 245 G1/2" 6,0 2,111 26,5 OV-21-4-11 21 400 1100 70 345 G1/2" 4,7 1,629 22
OC-21-3-19 21 300 1900 70 245 G1/2" 6,4 2,228 27,5 OC-21-4-12 21 400 1200 70 345 G1/2" 5,1 1,777 23,5
OV-21-3-19 21 300 1900 70 245 G1/2" 6,4 2,228 28,0 OV-21-4-12 21 400 1200 70 345 G1/2" 5,1 1,777 24
OC-21-3-20 21 300 2000 70 245 G1/2" 6,7 2,345 28,9 OC-21-4-13 21 400 1300 70 345 G1/2" 5,5 1,925 25,4
OV-21-3-20 21 300 2000 70 245 G1/2" 6,7 2,345 29,4 OV-21-4-13 21 400 1300 70 345 G1/2" 5,5 1,925 25,9
OC-21-3-21 21 300 2100 70 245 G1/2" 7,0 2,462 30,4 OC-21-4-14 21 400 1400 70 345 G1/2" 5,9 2,073 27,4
OV-21-3-21 21 300 2100 70 245 G1/2" 7,0 2,462 30,9 OV-21-4-14 21 400 1400 70 345 G1/2" 5,9 2,073 27,9
OC-21-3-22 21 300 2200 70 245 G1/2" 7,4 2,580 31,8 OC-21-4-15 21 400 1500 70 345 G1/2" 6,3 2,221 29,3
OV-21-3-22 21 300 2200 70 245 G1/2" 7,4 2,580 32,3 OV-21-4-15 21 400 1500 70 345 G1/2" 6,3 2,221 29,8
OC-21-3-23 21 300 2300 70 245 G1/2" 7,7 2,697 33,3 OC-21-4-16 21 400 1600 70 345 G1/2" 6,8 2,369 31,3
OV-21-3-23 21 300 2300 70 245 G1/2" 7,7 2,697 33,8 OV-21-4-16 21 400 1600 70 345 G1/2" 6,8 2,369 31,8
OC-21-3-24 21 300 2400 70 245 G1/2" 8,0 2,814 34,7 OC-21-4-17 21 400 1700 70 345 G1/2" 7,2 2,517 33,2
OV-21-3-24 21 300 2400 70 245 G1/2" 8,0 2,814 35,2 OV-21-4-17 21 400 1700 70 345 G1/2" 7,2 2,517 33,7
OC-21-3-25 21 300 2500 70 245 G1/2" 8,4 2,931 36,1 OC-21-4-18 21 400 1800 70 345 G1/2" 7,6 2,665 35,2
OV-21-3-25 21 300 2500 70 245 G1/2" 8,4 2,931 36,6 OV-21-4-18 21 400 1800 70 345 G1/2" 7,6 2,665 35,7
OC-21-3-26 21 300 2600 70 245 G1/2" 8,7 3,049 37,6 OC-21-4-19 21 400 1900 70 345 G1/2" 8,0 2,814 37,2
OV-21-3-26 21 300 2600 70 245 G1/2" 8,7 3,049 38,1 OV-21-4-19 21 400 1900 70 345 G1/2" 8,0 2,814 37,7
OC-21-3-27 21 300 2700 70 245 G1/2" 9,0 3,166 39,0 OC-21-4-20 21 400 2000 70 345 G1/2" 8,5 2,962 39,1
OV-21-3-27 21 300 2700 70 245 G1/2" 9,0 3,166 39,5 OV-21-4-20 21 400 2000 70 345 G1/2" 8,5 2,962 39,6
OC-21-3-28 21 300 2800 70 245 G1/2" 9,4 3,283 40,5 OC-21-4-21 21 400 2100 70 345 G1/2" 8,9 3,110 41,1
OV-21-3-28 21 300 2800 70 245 G1/2" 9,4 3,283 41,0 OV-21-4-21 21 400 2100 70 345 G1/2" 8,9 3,110 41,6
OC-21-3-29 21 300 2900 70 245 G1/2" 9,7 3,400 41,9 OC-21-4-22 21 400 2200 70 345 G1/2" 9,3 3,258 43,0
OV-21-3-29 21 300 2900 70 245 G1/2" 9,7 3,400 42,4 OV-21-4-22 21 400 2200 70 345 G1/2" 9,3 3,258 43,5
OC-21-3-30 21 300 3000 70 245 G1/2" 10,1 3,518 43,4 OC-21-4-23 21 400 2300 70 345 G1/2" 9,7 3,406 45,0
OV-21-3-30 21 300 3000 70 245 G1/2" 10,1 3,518 43,9 OV-21-4-23 21 400 2300 70 345 G1/2" 9,7 3,406 45,5
OC-21-4-04 21 400 400 70 345 G1/2" 1,7 0,592 7,8 OC-21-4-24 21 400 2400 70 345 G1/2" 10,2 3,554 46,9
OV-21-4-04 21 400 400 70 345 G1/2" 1,7 0,592 8,3 OV-21-4-24 21 400 2400 70 345 G1/2" 10,2 3,554 47,4
OC-21-4-05 21 400 500 70 345 G1/2" 2,1 0,740 9,8 OC-21-4-25 21 400 2500 70 345 G1/2" 10,6 3,702 48,9
OV-21-4-05 21 400 500 70 345 G1/2" 2,1 0,740 10,3 OV-21-4-25 21 400 2500 70 345 G1/2" 10,6 3,702 49,4
OC-21-4-06 21 400 600 70 345 G1/2" 2,5 0,888 11,7 OC-21-4-26 21 400 2600 70 345 G1/2" 11,0 3,850 50,8
OV-21-4-06 21 400 600 70 345 G1/2" 2,5 0,888 12,2 OV-21-4-26 21 400 2600 70 345 G1/2" 11,0 3,850 51,3
OC-21-4-07 21 400 700 70 345 G1/2" 3,0 1,037 13,7 OC-21-4-27 21 400 2700 70 345 G1/2" 11,4 3,998 52,8
OV-21-4-07 21 400 700 70 345 G1/2" 3,0 1,037 14,2 OV-21-4-27 21 400 2700 70 345 G1/2" 11,4 3,998 53,3
OC-21-4-08 21 400 800 70 345 G1/2" 3,4 1,185 15,6 OC-21-4-28 21 400 2800 70 345 G1/2" 11,8 4,146 54,7
OV-21-4-08 21 400 800 70 345 G1/2" 3,4 1,185 16,1 OV-21-4-28 21 400 2800 70 345 G1/2" 11,8 4,146 55,2
10 11OC-21-3-16 21 300 1600 70 245 G1/2" 5,4 1,876 23,1 OC-21-4-09 21 400 900 70 345 G1/2" 3,8 1,333 17,6
OV-21-3-16 21 300 1600 70 245 G1/2" 5,4 1,876 23,6 OV-21-4-09 21 400 900 70 345 G1/2" 3,8 1,333 18,1
OC-21-3-17 21 300 1700 70 245 G1/2" 5,7 1,993 24,6 OC-21-4-10 21 400 1000 70 345 G1/2" 4,2 1,481 19,5
OV-21-3-17 21 300 1700 70 245 G1/2" 5,7 1,993 25,1 OV-21-4-10 21 400 1000 70 345 G1/2" 4,2 1,481 20
OC-21-3-18 21 300 1800 70 245 G1/2" 6,0 2,111 26,0 OC-21-4-11 21 400 1100 70 345 G1/2" 4,7 1,629 21,5
OV-21-3-18 21 300 1800 70 245 G1/2" 6,0 2,111 26,5 OV-21-4-11 21 400 1100 70 345 G1/2" 4,7 1,629 22
OC-21-3-19 21 300 1900 70 245 G1/2" 6,4 2,228 27,5 OC-21-4-12 21 400 1200 70 345 G1/2" 5,1 1,777 23,5
OV-21-3-19 21 300 1900 70 245 G1/2" 6,4 2,228 28,0 OV-21-4-12 21 400 1200 70 345 G1/2" 5,1 1,777 24
OC-21-3-20 21 300 2000 70 245 G1/2" 6,7 2,345 28,9 OC-21-4-13 21 400 1300 70 345 G1/2" 5,5 1,925 25,4
OV-21-3-20 21 300 2000 70 245 G1/2" 6,7 2,345 29,4 OV-21-4-13 21 400 1300 70 345 G1/2" 5,5 1,925 25,9
OC-21-3-21 21 300 2100 70 245 G1/2" 7,0 2,462 30,4 OC-21-4-14 21 400 1400 70 345 G1/2" 5,9 2,073 27,4
OV-21-3-21 21 300 2100 70 245 G1/2" 7,0 2,462 30,9 OV-21-4-14 21 400 1400 70 345 G1/2" 5,9 2,073 27,9
OC-21-3-22 21 300 2200 70 245 G1/2" 7,4 2,580 31,8 OC-21-4-15 21 400 1500 70 345 G1/2" 6,3 2,221 29,3
OV-21-3-22 21 300 2200 70 245 G1/2" 7,4 2,580 32,3 OV-21-4-15 21 400 1500 70 345 G1/2" 6,3 2,221 29,8
OC-21-3-23 21 300 2300 70 245 G1/2" 7,7 2,697 33,3 OC-21-4-16 21 400 1600 70 345 G1/2" 6,8 2,369 31,3
OV-21-3-23 21 300 2300 70 245 G1/2" 7,7 2,697 33,8 OV-21-4-16 21 400 1600 70 345 G1/2" 6,8 2,369 31,8
OC-21-3-24 21 300 2400 70 245 G1/2" 8,0 2,814 34,7 OC-21-4-17 21 400 1700 70 345 G1/2" 7,2 2,517 33,2
OV-21-3-24 21 300 2400 70 245 G1/2" 8,0 2,814 35,2 OV-21-4-17 21 400 1700 70 345 G1/2" 7,2 2,517 33,7
OC-21-3-25 21 300 2500 70 245 G1/2" 8,4 2,931 36,1 OC-21-4-18 21 400 1800 70 345 G1/2" 7,6 2,665 35,2
OV-21-3-25 21 300 2500 70 245 G1/2" 8,4 2,931 36,6 OV-21-4-18 21 400 1800 70 345 G1/2" 7,6 2,665 35,7
OC-21-3-26 21 300 2600 70 245 G1/2" 8,7 3,049 37,6 OC-21-4-19 21 400 1900 70 345 G1/2" 8,0 2,814 37,2
OV-21-3-26 21 300 2600 70 245 G1/2" 8,7 3,049 38,1 OV-21-4-19 21 400 1900 70 345 G1/2" 8,0 2,814 37,7
OC-21-3-27 21 300 2700 70 245 G1/2" 9,0 3,166 39,0 OC-21-4-20 21 400 2000 70 345 G1/2" 8,5 2,962 39,1
OV-21-3-27 21 300 2700 70 245 G1/2" 9,0 3,166 39,5 OV-21-4-20 21 400 2000 70 345 G1/2" 8,5 2,962 39,6
OC-21-3-28 21 300 2800 70 245 G1/2" 9,4 3,283 40,5 OC-21-4-21 21 400 2100 70 345 G1/2" 8,9 3,110 41,1
OV-21-3-28 21 300 2800 70 245 G1/2" 9,4 3,283 41,0 OV-21-4-21 21 400 2100 70 345 G1/2" 8,9 3,110 41,6
OC-21-3-29 21 300 2900 70 245 G1/2" 9,7 3,400 41,9 OC-21-4-22 21 400 2200 70 345 G1/2" 9,3 3,258 43,0
OV-21-3-29 21 300 2900 70 245 G1/2" 9,7 3,400 42,4 OV-21-4-22 21 400 2200 70 345 G1/2" 9,3 3,258 43,5
OC-21-3-30 21 300 3000 70 245 G1/2" 10,1 3,518 43,4 OC-21-4-23 21 400 2300 70 345 G1/2" 9,7 3,406 45,0
OV-21-3-30 21 300 3000 70 245 G1/2" 10,1 3,518 43,9 OV-21-4-23 21 400 2300 70 345 G1/2" 9,7 3,406 45,5
OC-21-4-04 21 400 400 70 345 G1/2" 1,7 0,592 7,8 OC-21-4-24 21 400 2400 70 345 G1/2" 10,2 3,554 46,9
OV-21-4-04 21 400 400 70 345 G1/2" 1,7 0,592 8,3 OV-21-4-24 21 400 2400 70 345 G1/2" 10,2 3,554 47,4
OC-21-4-05 21 400 500 70 345 G1/2" 2,1 0,740 9,8 OC-21-4-25 21 400 2500 70 345 G1/2" 10,6 3,702 48,9
OV-21-4-05 21 400 500 70 345 G1/2" 2,1 0,740 10,3 OV-21-4-25 21 400 2500 70 345 G1/2" 10,6 3,702 49,4
OC-21-4-06 21 400 600 70 345 G1/2" 2,5 0,888 11,7 OC-21-4-26 21 400 2600 70 345 G1/2" 11,0 3,850 50,8
OV-21-4-06 21 400 600 70 345 G1/2" 2,5 0,888 12,2 OV-21-4-26 21 400 2600 70 345 G1/2" 11,0 3,850 51,3
OC-21-4-07 21 400 700 70 345 G1/2" 3,0 1,037 13,7 OC-21-4-27 21 400 2700 70 345 G1/2" 11,4 3,998 52,8
OV-21-4-07 21 400 700 70 345 G1/2" 3,0 1,037 14,2 OV-21-4-27 21 400 2700 70 345 G1/2" 11,4 3,998 53,3
OC-21-4-08 21 400 800 70 345 G1/2" 3,4 1,185 15,6 OC-21-4-28 21 400 2800 70 345 G1/2" 11,8 4,146 54,7
OV-21-4-08 21 400 800 70 345 G1/2" 3,4 1,185 16,1 OV-21-4-28 21 400 2800 70 345 G1/2" 11,8 4,146 55,2
10 11OC-21-4-29 21 400 2900 70 345 G1/2" 12,3 4,294 56,7 OC-21-5-22 21 500 2200 70 445 боковое G1/2" 2,4 0,828 11,5
OV-21-4-29 21 400 2900 70 345 G1/2" 12,3 4,294 57,2 OV-21-5-22 21 500 2200 70 445 нижнее G1/2" 2,4 0,828 12,0
OC-21-4-30 21 400 3000 70 345 G1/2" 12,7 4,442 58,7 OC-21-5-23 21 500 2300 70 445 боковое G1/2" 3,0 1,035 14,4
OV-21-4-30 21 400 3000 70 345 G1/2" 12,7 4,442 59,2 OV-21-5-23 21 500 2300 70 445 нижнее G1/2" 3,0 1,035 14,9
OC-21-5-04 21 500 400 70 445 G1/2" 2,0 0,711 9,6 OC-21-5-24 21 500 2400 70 445 боковое G1/2" 3,6 1,242 17,3
OV-21-5-04 21 500 400 70 445 G1/2" 2,0 0,711 10,1 OV-21-5-24 21 500 2400 70 445 нижнее G1/2" 3,6 1,242 17,8
OC-21-5-05 21 500 500 70 445 G1/2" 2,6 0,889 12,0 OC-21-5-25 21 500 2500 70 445 боковое G1/2" 4,2 1,449 20,2
OV-21-5-05 21 500 500 70 445 G1/2" 2,6 0,889 12,5 OV-21-5-25 21 500 2500 70 445 нижнее G1/2" 4,2 1,449 20,7
OC-21-5-06 21 500 600 70 445 G1/2" 3,1 1,067 14,0 OC-21-5-26 21 500 2600 70 445 боковое G1/2" 4,8 1,656 23,0
OV-21-5-06 21 500 600 70 445 G1/2" 3,1 1,067 14,5 OV-21-5-26 21 500 2600 70 445 нижнее G1/2" 4,8 1,656 23,5
OC-21-5-07 21 500 700 70 445 G1/2" 3,6 1,245 16,7 OC-21-5-27 21 500 2700 70 445 боковое G1/2" 5,4 1,863 25,9
OV-21-5-07 21 500 700 70 445 G1/2" 3,6 1,245 17,2 OV-21-5-27 21 500 2700 70 445 нижнее G1/2" 5,4 1,863 26,4
OC-21-5-08 21 500 800 70 445 G1/2" 4,1 1,423 19,1 OC-21-5-28 21 500 2800 70 445 боковое G1/2" 6,0 2,07 28,8
OV-21-5-08 21 500 800 70 445 G1/2" 4,1 1,423 19,6 OV-21-5-28 21 500 2800 70 445 нижнее G1/2" 6,0 2,07 29,3
OC-21-5-09 21 500 900 70 445 G1/2" 4,6 1,601 21,5 OC-21-5-29 21 500 2900 70 445 боковое G1/2" 6,6 2,277 31,7
OV-21-5-09 21 500 900 70 445 G1/2" 4,6 1,601 22,0 OV-21-5-29 21 500 2900 70 445 нижнее G1/2" 6,6 2,277 32,2
OC-21-5-10 21 500 1000 70 445 G1/2" 5,1 1,779 23,9 OC-21-5-30 21 500 3000 70 445 боковое G1/2" 7,2 2,484 34,6
OV-21-5-10 21 500 1000 70 445 G1/2" 5,1 1,779 24,4 OV-21-5-30 21 500 3000 70 445 нижнее G1/2" 7,2 2,484 35,1
OC-21-5-11 21 500 1100 70 445 G1/2" 5,6 1,956 26,3 OC-21-6-04 21 600 400 70 545 боковое G1/2" 7,8 2,691 37,5
OV-21-5-11 21 500 1100 70 445 G1/2" 5,6 1,956 26,8 OV-21-6-04 21 600 400 70 545 нижнее G1/2" 7,8 2,691 38,0
OC-21-5-12 21 500 1200 70 445 G1/2" 6,1 2,134 27,3 OC-21-6-05 21 600 500 70 545 боковое G1/2" 8,4 2,898 40,3
OV-21-5-12 21 500 1200 70 445 G1/2" 6,1 2,134 27,8 OV-21-6-05 21 600 500 70 545 нижнее G1/2" 8,4 2,898 40,8
OC-21-5-13 21 500 1300 70 445 G1/2" 6,7 2,312 31,1 OC-21-6-06 21 600 600 70 545 боковое G1/2" 9,0 3,105 43,2
OV-21-5-13 21 500 1300 70 445 G1/2" 6,7 2,312 31,6 OV-21-6-06 21 600 600 70 545 нижнее G1/2" 9,0 3,105 43,7
OC-21-5-14 21 500 1400 70 445 G1/2" 7,2 2,490 33,5 OC-21-6-07 21 600 700 70 545 боковое G1/2" 9,6 3,313 46,1
OV-21-5-14 21 500 1400 70 445 G1/2" 7,2 2,490 34,0 OV-21-6-07 21 600 700 70 545 нижнее G1/2" 9,6 3,313 46,6
OC-21-5-15 21 500 1500 70 445 G1/2" 7,7 2,668 35,9 OC-21-6-08 21 600 800 70 545 боковое G1/2" 10,2 3,52 49,0
OV-21-5-15 21 500 1500 70 445 G1/2" 7,7 2,668 36,4 OV-21-6-08 21 600 800 70 545 нижнее G1/2" 10,2 3,52 49,5
OC-21-5-16 21 500 600 70 445 G1/2" 8,2 2,846 38,3 OC-21-6-09 21 600 900 70 545 боковое G1/2" 10,8 3,727 51,9
OV-21-5-16 21 500 1600 70 445 G1/2" 8,2 2,846 38,8 OV-21-6-09 21 600 900 70 545 нижнее G1/2" 10,8 3,727 52,4
OC-21-5-17 21 500 1700 70 445 G1/2" 8,7 3,024 40,7 OC-21-6-10 21 600 1000 70 545 боковое G1/2" 11,4 3,934 54,7
OV-21-5-17 21 500 1700 70 445 G1/2" 8,7 3,024 41,2 OV-21-6-10 21 600 1000 70 545 нижнее G1/2" 11,4 3,934 55,2
OC-21-5-18 21 500 1800 70 445 G1/2" 9,2 3,201 43,1 OC-21-6-11 21 600 1100 70 545 боковое G1/2" 12,0 4,141 57,6
OV-21-5-18 21 500 1800 70 445 G1/2" 9,2 3,201 43,6 OV-21-6-11 21 600 1100 70 545 нижнее G1/2" 12,0 4,141 58,1
OC-21-5-19 21 500 1900 70 445 G1/2" 9,7 3,379 45,4 OC-21-6-12 21 600 1200 70 545 боковое G1/2" 12,6 4,348 60,5
OV-21-5-19 21 500 1900 70 445 G1/2" 9,7 3,379 45,9 OV-21-6-12 21 600 1200 70 545 нижнее G1/2" 12,6 4,348 61,0
OC-21-5-20 21 500 2000 70 445 G1/2" 10,2 3,557 47,8 OC-21-6-13 21 600 1300 70 545 боковое G1/2" 13,2 4,555 63,4
OV-21-5-20 21 500 2000 70 445 G1/2" 10,2 3,557 48,3 OV-21-6-13 21 600 1300 70 545 нижнее G1/2" 13,2 4,555 63,9
OC-21-5-21 21 500 2100 70 445 G1/2" 10,8 3,735 50,2 OC-21-6-14 21 600 1400 70 545 боковое G1/2" 13,8 4,762 66,3
OV-21-5-21 21 500 2100 70 445 G1/2" 10,8 3,735 50,7 OV-21-6-14 21 600 1400 70 545 нижнее G1/2" 13,8 4,762 66,8
12 13OC-21-4-29 21 400 2900 70 345 G1/2" 12,3 4,294 56,7 OC-21-5-22 21 500 2200 70 445 боковое G1/2" 2,4 0,828 11,5
OV-21-4-29 21 400 2900 70 345 G1/2" 12,3 4,294 57,2 OV-21-5-22 21 500 2200 70 445 нижнее G1/2" 2,4 0,828 12,0
OC-21-4-30 21 400 3000 70 345 G1/2" 12,7 4,442 58,7 OC-21-5-23 21 500 2300 70 445 боковое G1/2" 3,0 1,035 14,4
OV-21-4-30 21 400 3000 70 345 G1/2" 12,7 4,442 59,2 OV-21-5-23 21 500 2300 70 445 нижнее G1/2" 3,0 1,035 14,9
OC-21-5-04 21 500 400 70 445 G1/2" 2,0 0,711 9,6 OC-21-5-24 21 500 2400 70 445 боковое G1/2" 3,6 1,242 17,3
OV-21-5-04 21 500 400 70 445 G1/2" 2,0 0,711 10,1 OV-21-5-24 21 500 2400 70 445 нижнее G1/2" 3,6 1,242 17,8
OC-21-5-05 21 500 500 70 445 G1/2" 2,6 0,889 12,0 OC-21-5-25 21 500 2500 70 445 боковое G1/2" 4,2 1,449 20,2
OV-21-5-05 21 500 500 70 445 G1/2" 2,6 0,889 12,5 OV-21-5-25 21 500 2500 70 445 нижнее G1/2" 4,2 1,449 20,7
OC-21-5-06 21 500 600 70 445 G1/2" 3,1 1,067 14,0 OC-21-5-26 21 500 2600 70 445 боковое G1/2" 4,8 1,656 23,0
OV-21-5-06 21 500 600 70 445 G1/2" 3,1 1,067 14,5 OV-21-5-26 21 500 2600 70 445 нижнее G1/2" 4,8 1,656 23,5
OC-21-5-07 21 500 700 70 445 G1/2" 3,6 1,245 16,7 OC-21-5-27 21 500 2700 70 445 боковое G1/2" 5,4 1,863 25,9
OV-21-5-07 21 500 700 70 445 G1/2" 3,6 1,245 17,2 OV-21-5-27 21 500 2700 70 445 нижнее G1/2" 5,4 1,863 26,4
OC-21-5-08 21 500 800 70 445 G1/2" 4,1 1,423 19,1 OC-21-5-28 21 500 2800 70 445 боковое G1/2" 6,0 2,07 28,8
OV-21-5-08 21 500 800 70 445 G1/2" 4,1 1,423 19,6 OV-21-5-28 21 500 2800 70 445 нижнее G1/2" 6,0 2,07 29,3
OC-21-5-09 21 500 900 70 445 G1/2" 4,6 1,601 21,5 OC-21-5-29 21 500 2900 70 445 боковое G1/2" 6,6 2,277 31,7
OV-21-5-09 21 500 900 70 445 G1/2" 4,6 1,601 22,0 OV-21-5-29 21 500 2900 70 445 нижнее G1/2" 6,6 2,277 32,2
OC-21-5-10 21 500 1000 70 445 G1/2" 5,1 1,779 23,9 OC-21-5-30 21 500 3000 70 445 боковое G1/2" 7,2 2,484 34,6
OV-21-5-10 21 500 1000 70 445 G1/2" 5,1 1,779 24,4 OV-21-5-30 21 500 3000 70 445 нижнее G1/2" 7,2 2,484 35,1
OC-21-5-11 21 500 1100 70 445 G1/2" 5,6 1,956 26,3 OC-21-6-04 21 600 400 70 545 боковое G1/2" 7,8 2,691 37,5
OV-21-5-11 21 500 1100 70 445 G1/2" 5,6 1,956 26,8 OV-21-6-04 21 600 400 70 545 нижнее G1/2" 7,8 2,691 38,0
OC-21-5-12 21 500 1200 70 445 G1/2" 6,1 2,134 27,3 OC-21-6-05 21 600 500 70 545 боковое G1/2" 8,4 2,898 40,3
OV-21-5-12 21 500 1200 70 445 G1/2" 6,1 2,134 27,8 OV-21-6-05 21 600 500 70 545 нижнее G1/2" 8,4 2,898 40,8
OC-21-5-13 21 500 1300 70 445 G1/2" 6,7 2,312 31,1 OC-21-6-06 21 600 600 70 545 боковое G1/2" 9,0 3,105 43,2
OV-21-5-13 21 500 1300 70 445 G1/2" 6,7 2,312 31,6 OV-21-6-06 21 600 600 70 545 нижнее G1/2" 9,0 3,105 43,7
OC-21-5-14 21 500 1400 70 445 G1/2" 7,2 2,490 33,5 OC-21-6-07 21 600 700 70 545 боковое G1/2" 9,6 3,313 46,1
OV-21-5-14 21 500 1400 70 445 G1/2" 7,2 2,490 34,0 OV-21-6-07 21 600 700 70 545 нижнее G1/2" 9,6 3,313 46,6
OC-21-5-15 21 500 1500 70 445 G1/2" 7,7 2,668 35,9 OC-21-6-08 21 600 800 70 545 боковое G1/2" 10,2 3,52 49,0
OV-21-5-15 21 500 1500 70 445 G1/2" 7,7 2,668 36,4 OV-21-6-08 21 600 800 70 545 нижнее G1/2" 10,2 3,52 49,5
OC-21-5-16 21 500 600 70 445 G1/2" 8,2 2,846 38,3 OC-21-6-09 21 600 900 70 545 боковое G1/2" 10,8 3,727 51,9
OV-21-5-16 21 500 1600 70 445 G1/2" 8,2 2,846 38,8 OV-21-6-09 21 600 900 70 545 нижнее G1/2" 10,8 3,727 52,4
OC-21-5-17 21 500 1700 70 445 G1/2" 8,7 3,024 40,7 OC-21-6-10 21 600 1000 70 545 боковое G1/2" 11,4 3,934 54,7
OV-21-5-17 21 500 1700 70 445 G1/2" 8,7 3,024 41,2 OV-21-6-10 21 600 1000 70 545 нижнее G1/2" 11,4 3,934 55,2
OC-21-5-18 21 500 1800 70 445 G1/2" 9,2 3,201 43,1 OC-21-6-11 21 600 1100 70 545 боковое G1/2" 12,0 4,141 57,6
OV-21-5-18 21 500 1800 70 445 G1/2" 9,2 3,201 43,6 OV-21-6-11 21 600 1100 70 545 нижнее G1/2" 12,0 4,141 58,1
OC-21-5-19 21 500 1900 70 445 G1/2" 9,7 3,379 45,4 OC-21-6-12 21 600 1200 70 545 боковое G1/2" 12,6 4,348 60,5
OV-21-5-19 21 500 1900 70 445 G1/2" 9,7 3,379 45,9 OV-21-6-12 21 600 1200 70 545 нижнее G1/2" 12,6 4,348 61,0
OC-21-5-20 21 500 2000 70 445 G1/2" 10,2 3,557 47,8 OC-21-6-13 21 600 1300 70 545 боковое G1/2" 13,2 4,555 63,4
OV-21-5-20 21 500 2000 70 445 G1/2" 10,2 3,557 48,3 OV-21-6-13 21 600 1300 70 545 нижнее G1/2" 13,2 4,555 63,9
OC-21-5-21 21 500 2100 70 445 G1/2" 10,8 3,735 50,2 OC-21-6-14 21 600 1400 70 545 боковое G1/2" 13,8 4,762 66,3
OV-21-5-21 21 500 2100 70 445 G1/2" 10,8 3,735 50,7 OV-21-6-14 21 600 1400 70 545 нижнее G1/2" 13,8 4,762 66,8
12 13OC-21-6-15 21 600 1500 70 545 боковое G1/2" 14,4 4,969 69,1 OC-22-3-08 22 300 800 105 245 G1/2" 2,8 1,190 14,1
OV-21-6-15 21 600 1500 70 545 нижнее G1/2" 14,4 4,969 69,6 OV-22-3-08 22 300 800 105 245 G1/2" 2,8 1,190 14,6
OC-21-6-16 21 600 1600 70 545 боковое G1/2" 15,0 5,176 72,0 OC-22-3-09 22 300 900 105 245 G1/2" 3,1 1,338 14,4
OV-21-6-16 21 600 1600 70 545 нижнее G1/2" 15,0 5,176 72,5 OV-22-3-09 22 300 900 105 245 G1/2" 3,1 1,338 14,9
OC-21-6-17 21 600 1700 70 545 боковое G1/2" 15,6 5,383 74,9 OC-22-3-10 22 300 1000 105 245 G1/2" 3,5 1,487 15,9
OV-21-6-17 21 600 1700 70 545 нижнее G1/2" 15,6 5,383 75,4 OV-22-3-10 22 300 1000 105 245 G1/2" 3,5 1,487 16,4
OC-21-6-18 21 600 1800 70 545 боковое G1/2" 16,2 5,590 77,8 OC-22-3-11 22 300 1100 105 245 G1/2" 3,8 1,636 17,4
OV-21-6-18 21 600 1800 70 545 нижнее G1/2" 16,2 5,590 78,3 OV-22-3-11 22 300 1100 105 245 G1/2" 3,8 1,636 17,9
OC-21-6-19 21 600 1900 70 545 боковое G1/2" 16,8 5,797 80,7 OC-22-3-12 22 300 1200 105 245 G1/2" 4,1 1,785 21,1
OV-21-6-19 21 600 1900 70 545 нижнее G1/2" 16,8 5,797 81,2 OV-22-3-12 22 300 1200 105 245 G1/2" 4,1 1,785 21,6
OC-21-6-20 21 600 2000 70 545 боковое G1/2" 17,4 6,004 83,5 OC-22-3-13 22 300 1300 105 245 G1/2" 4,5 1,933 22,9
OV-21-6-20 21 600 2000 70 545 нижнее G1/2" 17,4 6,004 84,0 OV-22-3-13 22 300 1300 105 245 G1/2" 4,5 1,933 23,4
OC-21-6-21 21 600 2100 70 545 боковое G1/2" 18,0 6,211 86,4 OC-22-3-14 22 300 1400 105 245 G1/2" 4,8 2,082 21,8
OV-21-6-21 21 600 2100 70 545 нижнее G1/2" 18,0 6,211 86,9 OV-22-3-14 22 300 1400 105 245 G1/2" 4,8 2,082 22,3
OC-21-6-22 21 600 2200 70 545 боковое G1/2" 11,3 3,913 52,6 OC-22-3-15 22 300 1500 105 245 G1/2" 5,2 2,231 23,4
OV-21-6-22 21 600 2200 70 545 нижнее G1/2" 11,3 3,913 53,1 OV-22-3-15 22 300 1500 105 245 G1/2" 5,2 2,231 23,9
OC-21-6-23 21 600 2300 70 545 боковое G1/2" 11,8 4,091 55,0 OC-22-3-16 22 300 1600 105 245 G1/2" 5,5 2,379 28,1
OV-21-6-23 21 600 2300 70 545 нижнее G1/2" 11,8 4,091 55,5 OV-22-3-16 22 300 1600 105 245 G1/2" 5,5 2,379 28,6
OC-21-6-24 21 600 2400 70 545 боковое G1/2" 12,3 4,269 57,4 OC-22-3-17 22 300 1700 105 445 G1/2" 5,9 2,528 29,9
OV-21-6-24 21 600 2400 70 545 нижнее G1/2" 12,3 4,269 57,9 OV-22-3-17 22 300 1700 105 445 G1/2" 5,9 2,528 30,4
OC-21-6-25 21 600 2500 70 545 боковое G1/2" 12,8 4,446 59,8 OC-22-3-18 22 300 1800 105 445 G1/2" 6,2 2,677 31,6
OV-21-6-25 21 600 2500 70 545 нижнее G1/2" 12,8 4,446 60,3 OV-22-3-18 22 300 1800 105 445 G1/2" 6,2 2,677 32,1
OC-21-6-26 21 600 2600 70 545 боковое G1/2" 13,3 4,624 62,2 OC-22-3-19 22 300 1900 105 445 G1/2" 6,6 2,825 33,4
OV-21-6-26 21 600 2600 70 545 нижнее G1/2" 13,3 4,624 62,7 OV-22-3-19 22 300 1900 105 445 G1/2" 6,6 2,825 33,9
OC-21-6-27 21 600 2700 70 545 боковое G1/2" 13,8 4,802 64,6 OC-22-3-20 22 300 2000 105 445 G1/2" 6,9 2,974 35,2
OV-21-6-27 21 600 2700 70 545 нижнее G1/2" 13,8 4,802 65,1 OV-22-3-20 22 300 2000 105 445 G1/2" 6,9 2,974 35,7
OC-21-6-28 21 600 2800 70 545 боковое G1/2" 14,3 4,980 67,0 OC-22-3-21 22 300 2100 105 445 G1/2" 7,2 3,123 36,9
OV-21-6-28 21 600 2800 70 545 нижнее G1/2" 14,3 4,980 67,5 OV-22-3-21 22 300 2100 105 445 G1/2" 7,2 3,123 37,4
OC-21-6-29 21 600 2900 70 545 боковое G1/2" 14,8 5,158 69,4 OC-22-3-22 22 300 2200 105 245 G1/2" 7,6 3,272 38,7
OV-21-6-29 21 600 2900 70 545 нижнее G1/2" 14,8 5,158 69,9 OV-22-3-22 22 300 2200 105 245 G1/2" 7,6 3,272 39,2
OC-21-6-30 21 600 3000 70 545 боковое G1/2" 15,4 5,336 71,8 OC-22-3-23 22 300 2300 105 245 G1/2" 7,9 3,420 40,4
OV-21-6-30 21 600 3000 70 545 нижнее G1/2" 15,4 5,336 72,3 OV-22-3-23 22 300 2300 105 245 G1/2" 7,9 3,420 40,9
OC-22-3-04 22 300 400 105 245 боковое G1/2" 1,4 0,595 7,0 OC-22-3-24 22 300 2400 105 245 G1/2" 8,3 3,569 42,2
OV-22-3-04 22 300 400 105 245 нижнее G1/2" 1,4 0,595 7,5 OV-22-3-24 22 300 2400 105 245 G1/2" 8,3 3,569 42,7
OC-22-3-05 22 300 500 105 245 боковое G1/2" 1,7 0,744 8,8 OC-22-3-25 22 300 2500 105 245 G1/2" 8,6 3,718 43,9
OV-22-3-05 22 300 500 105 245 нижнее G1/2" 1,7 0,744 9,3 OV-22-3-25 22 300 2500 105 245 G1/2" 8,6 3,718 44,4
OC-22-3-06 22 300 600 105 245 боковое G1/2" 2,1 0,892 10,6 OC-22-3-26 22 300 2600 105 245 G1/2" 9,0 3,866 45,7
OV-22-3-06 22 300 600 105 245 нижнее G1/2" 2,1 0,892 11,1 OV-22-3-26 22 300 2600 105 245 G1/2" 9,0 3,866 45,2
OC-22-3-07 22 300 700 105 245 боковое G1/2" 2,4 1,041 12,3 OC-22-3-27 22 300 2700 105 245 G1/2" 9,3 4,015 47,5
OV-22-3-07 22 300 700 105 245 нижнее G1/2" 2,4 1,041 12,8 OV-22-3-27 22 300 2700 105 245 G1/2" 9,3 4,015 48,0
14 15OC-21-6-15 21 600 1500 70 545 боковое G1/2" 14,4 4,969 69,1 OC-22-3-08 22 300 800 105 245 G1/2" 2,8 1,190 14,1
OV-21-6-15 21 600 1500 70 545 нижнее G1/2" 14,4 4,969 69,6 OV-22-3-08 22 300 800 105 245 G1/2" 2,8 1,190 14,6
OC-21-6-16 21 600 1600 70 545 боковое G1/2" 15,0 5,176 72,0 OC-22-3-09 22 300 900 105 245 G1/2" 3,1 1,338 14,4
OV-21-6-16 21 600 1600 70 545 нижнее G1/2" 15,0 5,176 72,5 OV-22-3-09 22 300 900 105 245 G1/2" 3,1 1,338 14,9
OC-21-6-17 21 600 1700 70 545 боковое G1/2" 15,6 5,383 74,9 OC-22-3-10 22 300 1000 105 245 G1/2" 3,5 1,487 15,9
OV-21-6-17 21 600 1700 70 545 нижнее G1/2" 15,6 5,383 75,4 OV-22-3-10 22 300 1000 105 245 G1/2" 3,5 1,487 16,4
OC-21-6-18 21 600 1800 70 545 боковое G1/2" 16,2 5,590 77,8 OC-22-3-11 22 300 1100 105 245 G1/2" 3,8 1,636 17,4
OV-21-6-18 21 600 1800 70 545 нижнее G1/2" 16,2 5,590 78,3 OV-22-3-11 22 300 1100 105 245 G1/2" 3,8 1,636 17,9
OC-21-6-19 21 600 1900 70 545 боковое G1/2" 16,8 5,797 80,7 OC-22-3-12 22 300 1200 105 245 G1/2" 4,1 1,785 21,1
OV-21-6-19 21 600 1900 70 545 нижнее G1/2" 16,8 5,797 81,2 OV-22-3-12 22 300 1200 105 245 G1/2" 4,1 1,785 21,6
OC-21-6-20 21 600 2000 70 545 боковое G1/2" 17,4 6,004 83,5 OC-22-3-13 22 300 1300 105 245 G1/2" 4,5 1,933 22,9
OV-21-6-20 21 600 2000 70 545 нижнее G1/2" 17,4 6,004 84,0 OV-22-3-13 22 300 1300 105 245 G1/2" 4,5 1,933 23,4
OC-21-6-21 21 600 2100 70 545 боковое G1/2" 18,0 6,211 86,4 OC-22-3-14 22 300 1400 105 245 G1/2" 4,8 2,082 21,8
OV-21-6-21 21 600 2100 70 545 нижнее G1/2" 18,0 6,211 86,9 OV-22-3-14 22 300 1400 105 245 G1/2" 4,8 2,082 22,3
OC-21-6-22 21 600 2200 70 545 боковое G1/2" 11,3 3,913 52,6 OC-22-3-15 22 300 1500 105 245 G1/2" 5,2 2,231 23,4
OV-21-6-22 21 600 2200 70 545 нижнее G1/2" 11,3 3,913 53,1 OV-22-3-15 22 300 1500 105 245 G1/2" 5,2 2,231 23,9
OC-21-6-23 21 600 2300 70 545 боковое G1/2" 11,8 4,091 55,0 OC-22-3-16 22 300 1600 105 245 G1/2" 5,5 2,379 28,1
OV-21-6-23 21 600 2300 70 545 нижнее G1/2" 11,8 4,091 55,5 OV-22-3-16 22 300 1600 105 245 G1/2" 5,5 2,379 28,6
OC-21-6-24 21 600 2400 70 545 боковое G1/2" 12,3 4,269 57,4 OC-22-3-17 22 300 1700 105 445 G1/2" 5,9 2,528 29,9
OV-21-6-24 21 600 2400 70 545 нижнее G1/2" 12,3 4,269 57,9 OV-22-3-17 22 300 1700 105 445 G1/2" 5,9 2,528 30,4
OC-21-6-25 21 600 2500 70 545 боковое G1/2" 12,8 4,446 59,8 OC-22-3-18 22 300 1800 105 445 G1/2" 6,2 2,677 31,6
OV-21-6-25 21 600 2500 70 545 нижнее G1/2" 12,8 4,446 60,3 OV-22-3-18 22 300 1800 105 445 G1/2" 6,2 2,677 32,1
OC-21-6-26 21 600 2600 70 545 боковое G1/2" 13,3 4,624 62,2 OC-22-3-19 22 300 1900 105 445 G1/2" 6,6 2,825 33,4
OV-21-6-26 21 600 2600 70 545 нижнее G1/2" 13,3 4,624 62,7 OV-22-3-19 22 300 1900 105 445 G1/2" 6,6 2,825 33,9
OC-21-6-27 21 600 2700 70 545 боковое G1/2" 13,8 4,802 64,6 OC-22-3-20 22 300 2000 105 445 G1/2" 6,9 2,974 35,2
OV-21-6-27 21 600 2700 70 545 нижнее G1/2" 13,8 4,802 65,1 OV-22-3-20 22 300 2000 105 445 G1/2" 6,9 2,974 35,7
OC-21-6-28 21 600 2800 70 545 боковое G1/2" 14,3 4,980 67,0 OC-22-3-21 22 300 2100 105 445 G1/2" 7,2 3,123 36,9
OV-21-6-28 21 600 2800 70 545 нижнее G1/2" 14,3 4,980 67,5 OV-22-3-21 22 300 2100 105 445 G1/2" 7,2 3,123 37,4
OC-21-6-29 21 600 2900 70 545 боковое G1/2" 14,8 5,158 69,4 OC-22-3-22 22 300 2200 105 245 G1/2" 7,6 3,272 38,7
OV-21-6-29 21 600 2900 70 545 нижнее G1/2" 14,8 5,158 69,9 OV-22-3-22 22 300 2200 105 245 G1/2" 7,6 3,272 39,2
OC-21-6-30 21 600 3000 70 545 боковое G1/2" 15,4 5,336 71,8 OC-22-3-23 22 300 2300 105 245 G1/2" 7,9 3,420 40,4
OV-21-6-30 21 600 3000 70 545 нижнее G1/2" 15,4 5,336 72,3 OV-22-3-23 22 300 2300 105 245 G1/2" 7,9 3,420 40,9
OC-22-3-04 22 300 400 105 245 боковое G1/2" 1,4 0,595 7,0 OC-22-3-24 22 300 2400 105 245 G1/2" 8,3 3,569 42,2
OV-22-3-04 22 300 400 105 245 нижнее G1/2" 1,4 0,595 7,5 OV-22-3-24 22 300 2400 105 245 G1/2" 8,3 3,569 42,7
OC-22-3-05 22 300 500 105 245 боковое G1/2" 1,7 0,744 8,8 OC-22-3-25 22 300 2500 105 245 G1/2" 8,6 3,718 43,9
OV-22-3-05 22 300 500 105 245 нижнее G1/2" 1,7 0,744 9,3 OV-22-3-25 22 300 2500 105 245 G1/2" 8,6 3,718 44,4
OC-22-3-06 22 300 600 105 245 боковое G1/2" 2,1 0,892 10,6 OC-22-3-26 22 300 2600 105 245 G1/2" 9,0 3,866 45,7
OV-22-3-06 22 300 600 105 245 нижнее G1/2" 2,1 0,892 11,1 OV-22-3-26 22 300 2600 105 245 G1/2" 9,0 3,866 45,2
OC-22-3-07 22 300 700 105 245 боковое G1/2" 2,4 1,041 12,3 OC-22-3-27 22 300 2700 105 245 G1/2" 9,3 4,015 47,5
OV-22-3-07 22 300 700 105 245 нижнее G1/2" 2,4 1,041 12,8 OV-22-3-27 22 300 2700 105 245 G1/2" 9,3 4,015 48,0
14 15OC-22-3-28 22 300 2800 105 245 боковое G1/2" 9,7 4,164 49,2 OC-22-4-21 22 400 2100 105 345 боковое G1/2" 9,2 3,966 46,5
OV-22-3-28 22 300 2800 105 245 нижнее G1/2" 9,7 4,164 49,7 OV-22-4-21 22 400 2100 105 345 нижнее G1/2" 9,2 3,966 47,0
OC-22-3-29 22 300 2900 105 245 боковое G1/2" 10,0 4,313 51,0 OC-22-4-22 22 400 2200 105 345 боковое G1/2" 9,6 4,155 48,7
OV-22-3-29 22 300 2900 105 245 нижнее G1/2" 10,0 4,313 51,5 OV-22-4-22 22 400 2200 105 345 нижнее G1/2" 9,6 4,155 49,2
OC-22-3-30 22 300 3000 105 245 боковое G1/2" 10,4 4,461 52,7 OC-22-4-23 22 400 2300 105 345 боковое G1/2" 10,1 4,344 51,0
OV-22-3-30 22 300 3000 105 245 нижнее G1/2" 10,4 4,461 53,2 OV-22-4-23 22 400 2300 105 345 нижнее G1/2" 10,1 4,344 51,5
OC-22-4-04 22 400 400 105 345 боковое G1/2" 1,7 0,755 8,9 OC-22-4-24 22 400 2400 105 345 боковое G1/2" 10,5 4,533 53,2
OV-22-4-04 22 400 400 105 345 нижнее G1/2" 1,7 0,755 9,4 OV-22-4-24 22 400 2400 105 345 нижнее G1/2" 10,5 4,533 53,7
OC-22-4-05 22 400 500 105 345 боковое G1/2" 2,2 0,944 11,1 OC-22-4-25 22 400 2500 105 345 боковое G1/2" 10,9 4,722 55,4
OV-22-4-05 22 400 500 105 345 нижнее G1/2" 2,2 0,944 11,6 OV-22-4-25 22 400 2500 105 345 нижнее G1/2" 10,9 4,722 55,9
OC-22-4-06 22 400 600 105 345 боковое G1/2" 2,6 1,133 13,3 OC-22-4-26 22 400 2600 105 345 боковое G1/2" 11,4 4,911 57,6
OV-22-4-06 22 400 600 105 345 нижнее G1/2" 2,6 1,133 13,8 OV-22-4-26 22 400 2600 105 345 нижнее G1/2" 11,4 4,911 58,1
OC-22-4-07 22 400 700 105 345 боковое G1/2" 3,1 1,322 15,5 OC-22-4-27 22 400 2700 105 345 боковое G1/2" 11,8 5,099 59,8
OV-22-4-07 22 400 700 105 345 нижнее G1/2" 3,1 1,322 16,0 OV-22-4-27 22 400 2700 105 345 нижнее G1/2" 11,8 5,099 60,3
OC-22-4-08 22 400 800 105 345 боковое G1/2" 3,5 1,511 17,7 OC-22-4-28 22 400 2800 105 345 боковое G1/2" 12,2 5,288 62,0
OV-22-4-08 22 400 800 105 345 нижнее G1/2" 3,5 1,511 18,2 OV-22-4-28 22 400 2800 105 345 нижнее G1/2" 12,2 5,288 62,5
OC-22-4-09 22 400 900 105 345 боковое G1/2" 3,9 1,700 19,9 OC-22-4-29 22 400 2900 105 345 боковое G1/2" 12,7 5,477 64,2
OV-22-4-09 22 400 900 105 345 нижнее G1/2" 3,9 1,700 20,4 OV-22-4-29 22 400 2900 105 345 нижнее G1/2" 12,7 5,477 64,7
OC-22-4-10 22 400 1000 105 345 боковое G1/2" 4,4 1,889 22,2 OC-22-4-30 22 400 3000 105 345 боковое G1/2" 13,1 5,666 66,5
OV-22-4-10 22 400 1000 105 345 нижнее G1/2" 4,4 1,889 22,7 OV-22-4-30 22 400 3000 105 345 нижнее G1/2" 13,1 5,666 67,0
OC-22-4-11 22 400 1100 105 345 боковое G1/2" 4,8 2,078 24,4 OC-22-5-04 22 500 400 105 445 боковое G1/2" 2,1 0,911 11,3
OV-22-4-11 22 400 1100 105 345 нижнее G1/2" 4,8 2,078 24,9 OV-22-5-04 22 500 400 105 445 нижнее G1/2" 2,1 0,911 11,8
OC-22-4-12 22 400 1200 105 345 боковое G1/2" 5,2 2,266 26,6 OC-22-5-05 22 500 500 105 445 боковое G1/2" 2,6 1,139 13,8
OV-22-4-12 22 400 1200 105 345 нижнее G1/2" 5,2 2,266 27,1 OV-22-5-05 22 500 500 105 445 нижнее G1/2" 2,6 1,139 14,3
OC-22-4-13 22 400 1300 105 345 боковое G1/2" 5,7 2,455 28,8 OC-22-5-06 22 500 600 105 445 боковое G1/2" 3,2 1,367 16,3
OV-22-4-13 22 400 1300 105 345 нижнее G1/2" 5,7 2,455 29,3 OV-22-5-06 22 500 600 105 445 нижнее G1/2" 3,2 1,367 16,8
OC-22-4-14 22 400 1400 105 345 боковое G1/2" 6,1 2,644 31,0 OC-22-5-07 22 500 700 105 445 боковое G1/2" 3,7 1,595 18,8
OV-22-4-14 22 400 1400 105 345 нижнее G1/2" 6,1 2,644 31,5 OV-22-5-07 22 500 700 105 445 нижнее G1/2" 3,7 1,595 19,3
OC-22-4-15 22 400 1500 105 345 боковое G1/2" 6,6 2,833 33,2 OC-22-5-08 22 500 800 105 445 боковое G1/2" 4,2 1,823 21,3
OV-22-4-15 22 400 1500 105 345 нижнее G1/2" 6,6 2,833 33,7 OV-22-5-08 22 500 800 105 445 нижнее G1/2" 4,2 1,823 21,8
OC-22-4-16 22 400 1600 105 345 боковое G1/2" 7,0 3,022 35,4 OC-22-5-09 22 500 900 105 445 боковое G1/2" 4,8 2,051 23,9
OV-22-4-16 22 400 1600 105 345 нижнее G1/2" 7,0 3,022 35,9 OV-22-5-09 22 500 900 105 445 нижнее G1/2" 4,8 2,051 24,4
OC-22-4-17 22 400 1700 105 345 боковое G1/2" 7,4 3,211 37,7 OC-22-5-10 22 500 1000 105 445 боковое G1/2" 5,3 2,278 26,4
OV-22-4-17 22 400 1700 105 345 нижнее G1/2" 7,4 3,211 38,2 OV-22-5-10 22 500 1000 105 445 нижнее G1/2" 5,3 2,278 26,9
OC-22-4-18 22 400 1800 105 345 боковое G1/2" 7,9 3,400 39,9 OC-22-5-11 22 500 1100 105 445 боковое G1/2" 5,8 2,506 28,5
OV-22-4-18 22 400 1800 105 345 нижнее G1/2" 7,9 3,400 40,4 OV-22-5-11 22 500 1100 105 445 нижнее G1/2" 5,8 2,506 29,0
OC-22-4-19 22 400 1900 105 345 боковое G1/2" 8,3 3,588 42,1 OC-22-5-12 22 500 1200 105 445 боковое G1/2" 6,3 2,734 34,0
OV-22-4-19 22 400 1900 105 345 нижнее G1/2" 8,3 3,588 42,6 OV-22-5-12 22 500 1200 105 445 нижнее G1/2" 6,3 2,734 34,5
OC-22-4-20 22 400 2000 105 345 боковое G1/2" 8,7 3,777 44,3 OC-22-5-13 22 500 1300 105 445 боковое G1/2" 6,9 2,962 36,9
OV-22-4-20 22 400 2000 105 345 нижнее G1/2" 8,7 3,777 44,8 OV-22-5-13 22 500 1300 105 445 нижнее G1/2" 6,9 2,962 37,4
16 17OC-22-3-28 22 300 2800 105 245 боковое G1/2" 9,7 4,164 49,2 OC-22-4-21 22 400 2100 105 345 боковое G1/2" 9,2 3,966 46,5
OV-22-3-28 22 300 2800 105 245 нижнее G1/2" 9,7 4,164 49,7 OV-22-4-21 22 400 2100 105 345 нижнее G1/2" 9,2 3,966 47,0
OC-22-3-29 22 300 2900 105 245 боковое G1/2" 10,0 4,313 51,0 OC-22-4-22 22 400 2200 105 345 боковое G1/2" 9,6 4,155 48,7
OV-22-3-29 22 300 2900 105 245 нижнее G1/2" 10,0 4,313 51,5 OV-22-4-22 22 400 2200 105 345 нижнее G1/2" 9,6 4,155 49,2
OC-22-3-30 22 300 3000 105 245 боковое G1/2" 10,4 4,461 52,7 OC-22-4-23 22 400 2300 105 345 боковое G1/2" 10,1 4,344 51,0
OV-22-3-30 22 300 3000 105 245 нижнее G1/2" 10,4 4,461 53,2 OV-22-4-23 22 400 2300 105 345 нижнее G1/2" 10,1 4,344 51,5
OC-22-4-04 22 400 400 105 345 боковое G1/2" 1,7 0,755 8,9 OC-22-4-24 22 400 2400 105 345 боковое G1/2" 10,5 4,533 53,2
OV-22-4-04 22 400 400 105 345 нижнее G1/2" 1,7 0,755 9,4 OV-22-4-24 22 400 2400 105 345 нижнее G1/2" 10,5 4,533 53,7
OC-22-4-05 22 400 500 105 345 боковое G1/2" 2,2 0,944 11,1 OC-22-4-25 22 400 2500 105 345 боковое G1/2" 10,9 4,722 55,4
OV-22-4-05 22 400 500 105 345 нижнее G1/2" 2,2 0,944 11,6 OV-22-4-25 22 400 2500 105 345 нижнее G1/2" 10,9 4,722 55,9
OC-22-4-06 22 400 600 105 345 боковое G1/2" 2,6 1,133 13,3 OC-22-4-26 22 400 2600 105 345 боковое G1/2" 11,4 4,911 57,6
OV-22-4-06 22 400 600 105 345 нижнее G1/2" 2,6 1,133 13,8 OV-22-4-26 22 400 2600 105 345 нижнее G1/2" 11,4 4,911 58,1
OC-22-4-07 22 400 700 105 345 боковое G1/2" 3,1 1,322 15,5 OC-22-4-27 22 400 2700 105 345 боковое G1/2" 11,8 5,099 59,8
OV-22-4-07 22 400 700 105 345 нижнее G1/2" 3,1 1,322 16,0 OV-22-4-27 22 400 2700 105 345 нижнее G1/2" 11,8 5,099 60,3
OC-22-4-08 22 400 800 105 345 боковое G1/2" 3,5 1,511 17,7 OC-22-4-28 22 400 2800 105 345 боковое G1/2" 12,2 5,288 62,0
OV-22-4-08 22 400 800 105 345 нижнее G1/2" 3,5 1,511 18,2 OV-22-4-28 22 400 2800 105 345 нижнее G1/2" 12,2 5,288 62,5
OC-22-4-09 22 400 900 105 345 боковое G1/2" 3,9 1,700 19,9 OC-22-4-29 22 400 2900 105 345 боковое G1/2" 12,7 5,477 64,2
OV-22-4-09 22 400 900 105 345 нижнее G1/2" 3,9 1,700 20,4 OV-22-4-29 22 400 2900 105 345 нижнее G1/2" 12,7 5,477 64,7
OC-22-4-10 22 400 1000 105 345 боковое G1/2" 4,4 1,889 22,2 OC-22-4-30 22 400 3000 105 345 боковое G1/2" 13,1 5,666 66,5
OV-22-4-10 22 400 1000 105 345 нижнее G1/2" 4,4 1,889 22,7 OV-22-4-30 22 400 3000 105 345 нижнее G1/2" 13,1 5,666 67,0
OC-22-4-11 22 400 1100 105 345 боковое G1/2" 4,8 2,078 24,4 OC-22-5-04 22 500 400 105 445 боковое G1/2" 2,1 0,911 11,3
OV-22-4-11 22 400 1100 105 345 нижнее G1/2" 4,8 2,078 24,9 OV-22-5-04 22 500 400 105 445 нижнее G1/2" 2,1 0,911 11,8
OC-22-4-12 22 400 1200 105 345 боковое G1/2" 5,2 2,266 26,6 OC-22-5-05 22 500 500 105 445 боковое G1/2" 2,6 1,139 13,8
OV-22-4-12 22 400 1200 105 345 нижнее G1/2" 5,2 2,266 27,1 OV-22-5-05 22 500 500 105 445 нижнее G1/2" 2,6 1,139 14,3
OC-22-4-13 22 400 1300 105 345 боковое G1/2" 5,7 2,455 28,8 OC-22-5-06 22 500 600 105 445 боковое G1/2" 3,2 1,367 16,3
OV-22-4-13 22 400 1300 105 345 нижнее G1/2" 5,7 2,455 29,3 OV-22-5-06 22 500 600 105 445 нижнее G1/2" 3,2 1,367 16,8
OC-22-4-14 22 400 1400 105 345 боковое G1/2" 6,1 2,644 31,0 OC-22-5-07 22 500 700 105 445 боковое G1/2" 3,7 1,595 18,8
OV-22-4-14 22 400 1400 105 345 нижнее G1/2" 6,1 2,644 31,5 OV-22-5-07 22 500 700 105 445 нижнее G1/2" 3,7 1,595 19,3
OC-22-4-15 22 400 1500 105 345 боковое G1/2" 6,6 2,833 33,2 OC-22-5-08 22 500 800 105 445 боковое G1/2" 4,2 1,823 21,3
OV-22-4-15 22 400 1500 105 345 нижнее G1/2" 6,6 2,833 33,7 OV-22-5-08 22 500 800 105 445 нижнее G1/2" 4,2 1,823 21,8
OC-22-4-16 22 400 1600 105 345 боковое G1/2" 7,0 3,022 35,4 OC-22-5-09 22 500 900 105 445 боковое G1/2" 4,8 2,051 23,9
OV-22-4-16 22 400 1600 105 345 нижнее G1/2" 7,0 3,022 35,9 OV-22-5-09 22 500 900 105 445 нижнее G1/2" 4,8 2,051 24,4
OC-22-4-17 22 400 1700 105 345 боковое G1/2" 7,4 3,211 37,7 OC-22-5-10 22 500 1000 105 445 боковое G1/2" 5,3 2,278 26,4
OV-22-4-17 22 400 1700 105 345 нижнее G1/2" 7,4 3,211 38,2 OV-22-5-10 22 500 1000 105 445 нижнее G1/2" 5,3 2,278 26,9
OC-22-4-18 22 400 1800 105 345 боковое G1/2" 7,9 3,400 39,9 OC-22-5-11 22 500 1100 105 445 боковое G1/2" 5,8 2,506 28,5
OV-22-4-18 22 400 1800 105 345 нижнее G1/2" 7,9 3,400 40,4 OV-22-5-11 22 500 1100 105 445 нижнее G1/2" 5,8 2,506 29,0
OC-22-4-19 22 400 1900 105 345 боковое G1/2" 8,3 3,588 42,1 OC-22-5-12 22 500 1200 105 445 боковое G1/2" 6,3 2,734 34,0
OV-22-4-19 22 400 1900 105 345 нижнее G1/2" 8,3 3,588 42,6 OV-22-5-12 22 500 1200 105 445 нижнее G1/2" 6,3 2,734 34,5
OC-22-4-20 22 400 2000 105 345 боковое G1/2" 8,7 3,777 44,3 OC-22-5-13 22 500 1300 105 445 боковое G1/2" 6,9 2,962 36,9
OV-22-4-20 22 400 2000 105 345 нижнее G1/2" 8,7 3,777 44,8 OV-22-5-13 22 500 1300 105 445 нижнее G1/2" 6,9 2,962 37,4
16 17OC-22-5-14 22 500 1400 105 445 боковое G1/2" 7,4 3,190 39,7 OC-22-6-07 22 600 700 105 545 боковое G1/2" 4,3 1,864 24,6
OV-22-5-14 22 500 1400 105 445 нижнее G1/2" 7,4 3,190 40,2 OV-22-6-07 22 600 700 105 545 нижнее G1/2" 4,3 1,864 25,1
OC-22-5-15 22 500 1500 105 445 боковое G1/2" 7,9 3,418 38,7 OC-22-6-08 22 600 800 105 545 боковое G1/2" 5,0 2,130 28,1
OV-22-5-15 22 500 1500 105 445 нижнее G1/2" 7,9 3,418 39,2 OV-22-6-08 22 600 800 105 545 нижнее G1/2" 5,0 2,130 28,6
OC-22-5-16 22 500 1600 105 445 боковое G1/2" 8,4 3,646 41,1 OC-22-6-09 22 600 900 105 545 боковое G1/2" 5,6 2,396 31,6
OV-22-5-16 22 500 1600 105 445 нижнее G1/2" 8,4 3,646 41,6 OV-22-6-09 22 600 900 105 545 нижнее G1/2" 5,6 2,396 32,1
OC-22-5-17 22 500 1700 105 445 боковое G1/2" 9,0 3,873 48,2 OC-22-6-10 22 600 1000 105 545 боковое G1/2" 6,2 2,662 35,2
OV-22-5-17 22 500 1700 105 445 нижнее G1/2" 9,0 3,873 45,7 OV-22-6-10 22 600 1000 105 545 нижнее G1/2" 6,2 2,662 35,7
OC-22-5-18 22 500 1800 105 445 боковое G1/2" 9,5 4,101 51,0 OC-22-6-11 22 600 1100 105 545 боковое G1/2" 6,8 2,929 38,7
OV-22-5-18 22 500 1800 105 445 нижнее G1/2" 9,5 4,101 51,5 OV-22-6-11 22 600 1100 105 545 нижнее G1/2" 6,8 2,929 39,2
OC-22-5-19 22 500 1900 105 445 боковое G1/2" 10,0 4,329 53,9 OC-22-6-12 22 600 1200 105 545 боковое G1/2" 7,4 3,195 42,2
OV-22-5-19 22 500 1900 105 445 нижнее G1/2" 10,0 4,329 54,4 OV-22-6-12 22 600 1200 105 545 нижнее G1/2" 7,4 3,195 42,7
OC-22-5-20 22 500 2000 105 445 боковое G1/2" 10,6 4,557 56,7 OC-22-6-13 22 600 1300 105 545 боковое G1/2" 8,1 3,461 45,7
OV-22-5-20 22 500 2000 105 445 нижнее G1/2" 10,6 4,557 57,2 OV-22-6-13 22 600 1300 105 545 нижнее G1/2" 8,1 3,461 46,2
OC-22-5-21 22 500 2100 105 445 боковое G1/2" 11,1 4,785 59,6 OC-22-6-14 22 600 1400 105 545 боковое G1/2" 8,7 3,727 49,2
OV-22-5-21 22 500 2100 105 445 нижнее G1/2" 11,1 4,785 60,1 OV-22-6-14 22 600 1400 105 545 нижнее G1/2" 8,7 3,727 49,7
OC-22-5-22 22 500 2200 105 445 боковое G1/2" 11,6 5,013 62,4 OC-22-6-15 22 600 1500 105 545 боковое G1/2" 9,3 3,994 52,7
OV-22-5-22 22 500 2200 105 445 нижнее G1/2" 11,6 5,013 62,9 OV-22-6-15 22 600 1500 105 545 нижнее G1/2" 9,3 3,994 53,2
OC-22-5-23 22 500 2300 105 445 боковое G1/2" 12,1 5,241 65,2 OC-22-6-16 22 600 1600 105 545 боковое G1/2" 9,9 4,260 56,2
OV-22-5-23 22 500 2300 105 445 нижнее G1/2" 12,1 5,241 65,7 OV-22-6-16 22 600 1600 105 545 нижнее G1/2" 9,9 4,260 56,7
OC-22-5-24 22 500 2400 105 445 боковое G1/2" 12,7 5,468 68,1 OC-22-6-17 22 600 1700 105 545 боковое G1/2" 10,5 4,526 59,8
OV-22-5-24 22 500 2400 105 445 нижнее G1/2" 12,7 5,468 68,6 OV-22-6-17 22 600 1700 105 545 нижнее G1/2" 10,5 4,526 60,3
OC-22-5-25 22 500 2500 105 445 боковое G1/2" 13,2 5,696 70,9 OC-22-6-18 22 600 1800 105 545 боковое G1/2" 11,2 4,792 63,3
OV-22-5-25 22 500 2500 105 445 нижнее G1/2" 13,2 5,696 71,4 OV-22-6-18 22 600 1800 105 545 нижнее G1/2" 11,2 4,792 63,8
OC-22-5-26 22 500 2600 105 445 боковое G1/2" 13,7 5,924 73,7 OC-22-6-19 22 600 1900 105 545 боковое G1/2" 11,8 5,059 66,8
OV-22-5-26 22 500 2600 105 445 нижнее G1/2" 13,7 5,924 74,2 OV-22-6-19 22 600 1900 105 545 нижнее G1/2" 11,8 5,059 67,3
OC-22-5-27 22 500 2700 105 445 боковое G1/2" 14,3 6,152 76,6 OC-22-6-20 22 600 2000 105 545 боковое G1/2" 12,4 5,325 70,3
OV-22-5-27 22 500 2700 105 445 нижнее G1/2" 14,3 6,152 77,1 OV-22-6-20 22 600 2000 105 545 нижнее G1/2" 12,4 5,325 70,8
OC-22-5-28 22 500 2800 105 445 боковое G1/2" 14,8 6,380 79,4 OC-22-6-21 22 600 2100 105 545 боковое G1/2" 13,0 5,591 73,8
OV-22-5-28 22 500 2800 105 445 нижнее G1/2" 14,8 6,380 79,9 OV-22-6-21 22 600 2100 105 545 нижнее G1/2" 13,0 5,591 74,3
OC-22-5-29 22 500 2900 105 445 боковое G1/2" 15,3 6,608 82,2 OC-22-6-22 22 600 2200 105 545 боковое G1/2" 13,6 5,857 77,3
OV-22-5-29 22 500 2900 105 445 нижнее G1/2" 15,3 6,608 82,7 OV-22-6-22 22 600 2200 105 545 нижнее G1/2" 13,6 5,857 77,8
OC-22-5-30 22 500 3000 105 445 боковое G1/2" 15,8 6,835 85,1 OC-22-6-23 22 600 2300 105 545 боковое G1/2" 14,3 6,124 80,9
OV-22-5-30 22 500 3000 105 445 нижнее G1/2" 15,8 6,835 85,6 OV-22-6-23 22 600 2300 105 545 нижнее G1/2" 14,3 6,124 81,4
OC-22-6-04 22 600 400 105 545 боковое G1/2" 2,5 1,065 14,1 OC-22-6-24 22 600 2400 105 545 боковое G1/2" 14,9 6,390 84,4
OV-22-6-04 22 600 400 105 545 нижнее G1/2" 2,5 1,065 14,6 OV-22-6-24 22 600 2400 105 545 нижнее G1/2" 14,9 6,390 84,9
OC-22-6-05 22 600 500 105 545 боковое G1/2" 3,1 1,331 17,6 OC-22-6-25 22 600 2500 105 545 боковое G1/2" 15,5 6,656 87,9
OV-22-6-05 22 600 500 105 545 нижнее G1/2" 3,1 1,331 18,1 OV-22-6-25 22 600 2500 105 545 нижнее G1/2" 15,5 6,656 88,4
OC-22-6-06 22 600 600 105 545 боковое G1/2" 3,7 1,597 21,1 OC-22-6-26 22 600 2600 105 545 боковое G1/2" 16,1 6,922 91,4
OV-22-6-06 22 600 600 105 545 нижнее G1/2" 3,7 1,597 21,6 OV-22-6-26 22 600 2600 105 545 нижнее G1/2" 16,1 6,922 91,9
18 19OC-22-5-14 22 500 1400 105 445 боковое G1/2" 7,4 3,190 39,7 OC-22-6-07 22 600 700 105 545 боковое G1/2" 4,3 1,864 24,6
OV-22-5-14 22 500 1400 105 445 нижнее G1/2" 7,4 3,190 40,2 OV-22-6-07 22 600 700 105 545 нижнее G1/2" 4,3 1,864 25,1
OC-22-5-15 22 500 1500 105 445 боковое G1/2" 7,9 3,418 38,7 OC-22-6-08 22 600 800 105 545 боковое G1/2" 5,0 2,130 28,1
OV-22-5-15 22 500 1500 105 445 нижнее G1/2" 7,9 3,418 39,2 OV-22-6-08 22 600 800 105 545 нижнее G1/2" 5,0 2,130 28,6
OC-22-5-16 22 500 1600 105 445 боковое G1/2" 8,4 3,646 41,1 OC-22-6-09 22 600 900 105 545 боковое G1/2" 5,6 2,396 31,6
OV-22-5-16 22 500 1600 105 445 нижнее G1/2" 8,4 3,646 41,6 OV-22-6-09 22 600 900 105 545 нижнее G1/2" 5,6 2,396 32,1
OC-22-5-17 22 500 1700 105 445 боковое G1/2" 9,0 3,873 48,2 OC-22-6-10 22 600 1000 105 545 боковое G1/2" 6,2 2,662 35,2
OV-22-5-17 22 500 1700 105 445 нижнее G1/2" 9,0 3,873 45,7 OV-22-6-10 22 600 1000 105 545 нижнее G1/2" 6,2 2,662 35,7
OC-22-5-18 22 500 1800 105 445 боковое G1/2" 9,5 4,101 51,0 OC-22-6-11 22 600 1100 105 545 боковое G1/2" 6,8 2,929 38,7
OV-22-5-18 22 500 1800 105 445 нижнее G1/2" 9,5 4,101 51,5 OV-22-6-11 22 600 1100 105 545 нижнее G1/2" 6,8 2,929 39,2
OC-22-5-19 22 500 1900 105 445 боковое G1/2" 10,0 4,329 53,9 OC-22-6-12 22 600 1200 105 545 боковое G1/2" 7,4 3,195 42,2
OV-22-5-19 22 500 1900 105 445 нижнее G1/2" 10,0 4,329 54,4 OV-22-6-12 22 600 1200 105 545 нижнее G1/2" 7,4 3,195 42,7
OC-22-5-20 22 500 2000 105 445 боковое G1/2" 10,6 4,557 56,7 OC-22-6-13 22 600 1300 105 545 боковое G1/2" 8,1 3,461 45,7
OV-22-5-20 22 500 2000 105 445 нижнее G1/2" 10,6 4,557 57,2 OV-22-6-13 22 600 1300 105 545 нижнее G1/2" 8,1 3,461 46,2
OC-22-5-21 22 500 2100 105 445 боковое G1/2" 11,1 4,785 59,6 OC-22-6-14 22 600 1400 105 545 боковое G1/2" 8,7 3,727 49,2
OV-22-5-21 22 500 2100 105 445 нижнее G1/2" 11,1 4,785 60,1 OV-22-6-14 22 600 1400 105 545 нижнее G1/2" 8,7 3,727 49,7
OC-22-5-22 22 500 2200 105 445 боковое G1/2" 11,6 5,013 62,4 OC-22-6-15 22 600 1500 105 545 боковое G1/2" 9,3 3,994 52,7
OV-22-5-22 22 500 2200 105 445 нижнее G1/2" 11,6 5,013 62,9 OV-22-6-15 22 600 1500 105 545 нижнее G1/2" 9,3 3,994 53,2
OC-22-5-23 22 500 2300 105 445 боковое G1/2" 12,1 5,241 65,2 OC-22-6-16 22 600 1600 105 545 боковое G1/2" 9,9 4,260 56,2
OV-22-5-23 22 500 2300 105 445 нижнее G1/2" 12,1 5,241 65,7 OV-22-6-16 22 600 1600 105 545 нижнее G1/2" 9,9 4,260 56,7
OC-22-5-24 22 500 2400 105 445 боковое G1/2" 12,7 5,468 68,1 OC-22-6-17 22 600 1700 105 545 боковое G1/2" 10,5 4,526 59,8
OV-22-5-24 22 500 2400 105 445 нижнее G1/2" 12,7 5,468 68,6 OV-22-6-17 22 600 1700 105 545 нижнее G1/2" 10,5 4,526 60,3
OC-22-5-25 22 500 2500 105 445 боковое G1/2" 13,2 5,696 70,9 OC-22-6-18 22 600 1800 105 545 боковое G1/2" 11,2 4,792 63,3
OV-22-5-25 22 500 2500 105 445 нижнее G1/2" 13,2 5,696 71,4 OV-22-6-18 22 600 1800 105 545 нижнее G1/2" 11,2 4,792 63,8
OC-22-5-26 22 500 2600 105 445 боковое G1/2" 13,7 5,924 73,7 OC-22-6-19 22 600 1900 105 545 боковое G1/2" 11,8 5,059 66,8
OV-22-5-26 22 500 2600 105 445 нижнее G1/2" 13,7 5,924 74,2 OV-22-6-19 22 600 1900 105 545 нижнее G1/2" 11,8 5,059 67,3
OC-22-5-27 22 500 2700 105 445 боковое G1/2" 14,3 6,152 76,6 OC-22-6-20 22 600 2000 105 545 боковое G1/2" 12,4 5,325 70,3
OV-22-5-27 22 500 2700 105 445 нижнее G1/2" 14,3 6,152 77,1 OV-22-6-20 22 600 2000 105 545 нижнее G1/2" 12,4 5,325 70,8
OC-22-5-28 22 500 2800 105 445 боковое G1/2" 14,8 6,380 79,4 OC-22-6-21 22 600 2100 105 545 боковое G1/2" 13,0 5,591 73,8
OV-22-5-28 22 500 2800 105 445 нижнее G1/2" 14,8 6,380 79,9 OV-22-6-21 22 600 2100 105 545 нижнее G1/2" 13,0 5,591 74,3
OC-22-5-29 22 500 2900 105 445 боковое G1/2" 15,3 6,608 82,2 OC-22-6-22 22 600 2200 105 545 боковое G1/2" 13,6 5,857 77,3
OV-22-5-29 22 500 2900 105 445 нижнее G1/2" 15,3 6,608 82,7 OV-22-6-22 22 600 2200 105 545 нижнее G1/2" 13,6 5,857 77,8
OC-22-5-30 22 500 3000 105 445 боковое G1/2" 15,8 6,835 85,1 OC-22-6-23 22 600 2300 105 545 боковое G1/2" 14,3 6,124 80,9
OV-22-5-30 22 500 3000 105 445 нижнее G1/2" 15,8 6,835 85,6 OV-22-6-23 22 600 2300 105 545 нижнее G1/2" 14,3 6,124 81,4
OC-22-6-04 22 600 400 105 545 боковое G1/2" 2,5 1,065 14,1 OC-22-6-24 22 600 2400 105 545 боковое G1/2" 14,9 6,390 84,4
OV-22-6-04 22 600 400 105 545 нижнее G1/2" 2,5 1,065 14,6 OV-22-6-24 22 600 2400 105 545 нижнее G1/2" 14,9 6,390 84,9
OC-22-6-05 22 600 500 105 545 боковое G1/2" 3,1 1,331 17,6 OC-22-6-25 22 600 2500 105 545 боковое G1/2" 15,5 6,656 87,9
OV-22-6-05 22 600 500 105 545 нижнее G1/2" 3,1 1,331 18,1 OV-22-6-25 22 600 2500 105 545 нижнее G1/2" 15,5 6,656 88,4
OC-22-6-06 22 600 600 105 545 боковое G1/2" 3,7 1,597 21,1 OC-22-6-26 22 600 2600 105 545 боковое G1/2" 16,1 6,922 91,4
OV-22-6-06 22 600 600 105 545 нижнее G1/2" 3,7 1,597 21,6 OV-22-6-26 22 600 2600 105 545 нижнее G1/2" 16,1 6,922 91,9
18 19OC-22-6-27 22 600 2700 105 545 боковое G1/2" 16,7 7,189 94,9 OC-30-3-20 30 300 2000 160 245 боковое G1/2" 10,3 2,700 45,4
OV-22-6-27 22 600 2700 105 545 нижнее G1/2" 16,7 7,189 95,4 OV-30-3-20 30 300 2000 160 245 нижнее G1/2" 10,3 2,700 45,9
OC-22-6-28 22 600 2800 105 545 боковое G1/2" 17,4 7,455 98,4 OC-30-3-21 30 300 2100 160 245 боковое G1/2" 10,8 2,835 47,7
OV-22-6-28 22 600 2800 105 545 нижнее G1/2" 17,4 7,455 98,9 OV-30-3-21 30 300 2100 160 245 нижнее G1/2" 10,8 2,835 48,2
OC-22-6-29 22 600 2900 105 545 боковое G1/2" 18,0 7,721 102,0 OC-30-3-22 30 300 2200 160 245 боковое G1/2" 11,3 2,970 50,0
OV-22-6-29 22 600 2900 105 545 нижнее G1/2" 18,0 7,721 102,5 OV-30-3-22 30 300 2200 160 245 нижнее G1/2" 11,3 2,970 50,5
OC-22-6-30 22 600 3000 105 545 боковое G1/2" 18,6 7,987 105,5 OC-30-3-23 30 300 2300 160 245 боковое G1/2" 11,8 3,105 52,2
OV-22-6-30 30 600 3000 105 545 нижнее G1/2" 18,6 7,987 106,0 OV-30-3-23 30 300 2300 160 245 нижнее G1/2" 11,8 3,105 52,7
OC-30-3-04 30 300 400 160 245 боковое G1/2" 2,1 0,540 9,1 OC-30-3-24 30 300 2400 160 245 боковое G1/2" 12,4 3,240 54,5
OV-30-3-04 30 300 400 160 245 нижнее G1/2" 2,1 0,540 9,6 OV-30-3-24 30 300 2400 160 245 нижнее G1/2" 12,4 3,240 55
OC-30-3-05 30 300 500 160 245 боковое G1/2" 2,6 0,675 11,4 OC-30-3-25 30 300 2500 160 245 боковое G1/2" 12,9 3,375 56,8
OV-30-3-05 30 300 500 160 245 нижнее G1/2" 2,6 0,675 11,9 OV-30-3-25 30 300 2500 160 245 нижнее G1/2" 12,9 3,375 57,3
OC-30-3-06 30 300 600 160 245 боковое G1/2" 3,1 0,810 13,6 OC-30-3-26 30 300 2600 160 245 боковое G1/2" 13,4 3,510 59,0
OV-30-3-06 30 300 600 160 245 нижнее G1/2" 3,1 0,810 14,1 OV-30-3-26 30 300 2600 160 245 нижнее G1/2" 13,4 3,510 59,5
OC-30-3-07 30 300 700 160 245 боковое G1/2" 3,6 0,945 15,9 OC-30-3-27 30 300 2700 160 245 боковое G1/2" 13,9 3,645 61,3
OV-30-3-07 30 300 700 160 245 нижнее G1/2" 3,6 0,945 16,4 OV-30-3-27 30 300 2700 160 245 нижнее G1/2" 13,9 3,645 61,8
OC-30-3-08 30 300 800 160 245 боковое G1/2" 4,1 1,080 18,2 OC-30-3-28 30 300 2800 160 245 боковое G1/2" 14,4 3,780 63,6
OV-30-3-08 30 300 800 160 245 нижнее G1/2" 4,1 1,080 18,7 OV-30-3-28 30 300 2800 160 245 нижнее G1/2" 14,4 3,780 64,1
OC-30-3-09 30 300 900 160 245 боковое G1/2" 4,6 1,215 20,4 OC-30-3-29 30 300 2900 160 245 боковое G1/2" 14,9 3,915 65,8
OV-30-3-09 30 300 900 160 245 нижнее G1/2" 4,6 1,215 20,9 OV-30-3-29 30 300 2900 160 245 нижнее G1/2" 14,9 3,915 66,3
OC-30-3-10 30 300 1000 160 245 боковое G1/2" 5,2 1,350 22,7 OC-30-3-30 30 300 3000 160 245 боковое G1/2" 15,5 4,050 68,1
OV-30-3-10 30 300 1000 160 245 нижнее G1/2" 5,2 1,350 23,2 OV-30-3-30 30 300 3000 160 245 нижнее G1/2" 15,5 4,050 68,6
OC-30-3-11 30 300 1100 160 245 боковое G1/2" 5,7 1,485 25,0 OC-30-5-04 30 500 400 160 445 боковое G1/2" 3,1 0,817 15,1
OV-30-3-11 30 300 1100 160 245 нижнее G1/2" 5,7 1,485 25,5 OV-30-5-04 30 500 400 160 445 нижнее G1/2" 3,1 0,817 15,6
OC-30-3-12 30 300 1200 160 245 боковое G1/2" 6,2 1,620 27,2 OC-30-5-05 30 500 500 160 445 боковое G1/2" 3,9 1,021 18,8
OV-30-3-12 30 300 1200 160 245 нижнее G1/2" 6,2 1,620 27,7 OV-30-5-05 30 500 500 160 445 нижнее G1/2" 3,9 1,021 19,3
OC-30-3-13 30 300 1300 160 245 боковое G1/2" 6,7 1,755 29,5 OC-30-5-06 30 500 600 160 445 боковое G1/2" 4,7 1,225 22,6
OV-30-3-13 30 300 1300 160 245 нижнее G1/2" 6,7 1,755 30 OV-30-5-06 30 500 600 160 445 нижнее G1/2" 4,7 1,225 23,1
OC-30-3-14 30 300 1400 160 245 боковое G1/2" 7,2 1,890 31,8 OC-30-5-07 30 500 700 160 445 боковое G1/2" 5,5 1,429 26,4
OV-30-3-14 30 300 1400 160 245 нижнее G1/2" 7,2 1,890 32,3 OV-30-5-07 30 500 700 160 445 нижнее G1/2" 5,5 1,429 26,9
OC-30-3-15 30 300 1500 160 245 боковое G1/2" 7,7 2,025 34,1 OC-30-5-08 30 500 800 160 445 боковое G1/2" 6,3 1,634 30,1
OV-30-3-15 30 300 1500 160 245 нижнее G1/2" 7,7 2,025 34,6 OV-30-5-08 30 500 800 160 445 нижнее G1/2" 6,3 1,634 30,6
OC-30-3-16 30 300 1600 160 245 боковое G1/2" 8,2 2,160 36,3 OC-30-5-09 30 500 900 160 445 боковое G1/2" 7,0 1,838 32,19
OV-30-3-16 30 300 1600 160 245 нижнее G1/2" 8,2 2,160 36,8 OV-30-5-09 30 500 900 160 445 нижнее G1/2" 7,0 1,838 32,7
OC-30-3-17 30 300 1700 160 245 боковое G1/2" 8,8 2,295 38,6 OC-30-5-10 30 500 1000 160 445 боковое G1/2" 7,8 2,042 33,9
OV-30-3-17 30 300 1700 160 245 нижнее G1/2" 8,8 2,295 39,1 OV-30-5-10 30 500 1000 160 445 нижнее G1/2" 7,8 2,042 34,4
OC-30-3-18 30 300 1800 160 245 боковое G1/2" 9,3 2,430 40,9 OC-30-5-11 30 500 1100 160 445 боковое G1/2" 8,6 2,246 41,4
OV-30-3-18 30 300 1800 160 245 нижнее G1/2" 9,3 2,430 41,4 OV-30-5-11 30 500 1100 160 445 нижнее G1/2" 8,6 2,246 41,9
OC-30-3-19 30 300 1900 160 245 боковое G1/2" 9,8 2,565 43,1 OC-30-5-12 30 500 1200 160 445 боковое G1/2" 9,4 2,450 45,2
OV-30-3-19 30 300 1900 160 245 нижнее G1/2" 9,8 2,565 43,6 OV-30-5-12 30 500 1200 160 445 нижнее G1/2" 9,4 2,450 45,7
20 21OC-22-6-27 22 600 2700 105 545 боковое G1/2" 16,7 7,189 94,9 OC-30-3-20 30 300 2000 160 245 боковое G1/2" 10,3 2,700 45,4
OV-22-6-27 22 600 2700 105 545 нижнее G1/2" 16,7 7,189 95,4 OV-30-3-20 30 300 2000 160 245 нижнее G1/2" 10,3 2,700 45,9
OC-22-6-28 22 600 2800 105 545 боковое G1/2" 17,4 7,455 98,4 OC-30-3-21 30 300 2100 160 245 боковое G1/2" 10,8 2,835 47,7
OV-22-6-28 22 600 2800 105 545 нижнее G1/2" 17,4 7,455 98,9 OV-30-3-21 30 300 2100 160 245 нижнее G1/2" 10,8 2,835 48,2
OC-22-6-29 22 600 2900 105 545 боковое G1/2" 18,0 7,721 102,0 OC-30-3-22 30 300 2200 160 245 боковое G1/2" 11,3 2,970 50,0
OV-22-6-29 22 600 2900 105 545 нижнее G1/2" 18,0 7,721 102,5 OV-30-3-22 30 300 2200 160 245 нижнее G1/2" 11,3 2,970 50,5
OC-22-6-30 22 600 3000 105 545 боковое G1/2" 18,6 7,987 105,5 OC-30-3-23 30 300 2300 160 245 боковое G1/2" 11,8 3,105 52,2
OV-22-6-30 30 600 3000 105 545 нижнее G1/2" 18,6 7,987 106,0 OV-30-3-23 30 300 2300 160 245 нижнее G1/2" 11,8 3,105 52,7
OC-30-3-04 30 300 400 160 245 боковое G1/2" 2,1 0,540 9,1 OC-30-3-24 30 300 2400 160 245 боковое G1/2" 12,4 3,240 54,5
OV-30-3-04 30 300 400 160 245 нижнее G1/2" 2,1 0,540 9,6 OV-30-3-24 30 300 2400 160 245 нижнее G1/2" 12,4 3,240 55
OC-30-3-05 30 300 500 160 245 боковое G1/2" 2,6 0,675 11,4 OC-30-3-25 30 300 2500 160 245 боковое G1/2" 12,9 3,375 56,8
OV-30-3-05 30 300 500 160 245 нижнее G1/2" 2,6 0,675 11,9 OV-30-3-25 30 300 2500 160 245 нижнее G1/2" 12,9 3,375 57,3
OC-30-3-06 30 300 600 160 245 боковое G1/2" 3,1 0,810 13,6 OC-30-3-26 30 300 2600 160 245 боковое G1/2" 13,4 3,510 59,0
OV-30-3-06 30 300 600 160 245 нижнее G1/2" 3,1 0,810 14,1 OV-30-3-26 30 300 2600 160 245 нижнее G1/2" 13,4 3,510 59,5
OC-30-3-07 30 300 700 160 245 боковое G1/2" 3,6 0,945 15,9 OC-30-3-27 30 300 2700 160 245 боковое G1/2" 13,9 3,645 61,3
OV-30-3-07 30 300 700 160 245 нижнее G1/2" 3,6 0,945 16,4 OV-30-3-27 30 300 2700 160 245 нижнее G1/2" 13,9 3,645 61,8
OC-30-3-08 30 300 800 160 245 боковое G1/2" 4,1 1,080 18,2 OC-30-3-28 30 300 2800 160 245 боковое G1/2" 14,4 3,780 63,6
OV-30-3-08 30 300 800 160 245 нижнее G1/2" 4,1 1,080 18,7 OV-30-3-28 30 300 2800 160 245 нижнее G1/2" 14,4 3,780 64,1
OC-30-3-09 30 300 900 160 245 боковое G1/2" 4,6 1,215 20,4 OC-30-3-29 30 300 2900 160 245 боковое G1/2" 14,9 3,915 65,8
OV-30-3-09 30 300 900 160 245 нижнее G1/2" 4,6 1,215 20,9 OV-30-3-29 30 300 2900 160 245 нижнее G1/2" 14,9 3,915 66,3
OC-30-3-10 30 300 1000 160 245 боковое G1/2" 5,2 1,350 22,7 OC-30-3-30 30 300 3000 160 245 боковое G1/2" 15,5 4,050 68,1
OV-30-3-10 30 300 1000 160 245 нижнее G1/2" 5,2 1,350 23,2 OV-30-3-30 30 300 3000 160 245 нижнее G1/2" 15,5 4,050 68,6
OC-30-3-11 30 300 1100 160 245 боковое G1/2" 5,7 1,485 25,0 OC-30-5-04 30 500 400 160 445 боковое G1/2" 3,1 0,817 15,1
OV-30-3-11 30 300 1100 160 245 нижнее G1/2" 5,7 1,485 25,5 OV-30-5-04 30 500 400 160 445 нижнее G1/2" 3,1 0,817 15,6
OC-30-3-12 30 300 1200 160 245 боковое G1/2" 6,2 1,620 27,2 OC-30-5-05 30 500 500 160 445 боковое G1/2" 3,9 1,021 18,8
OV-30-3-12 30 300 1200 160 245 нижнее G1/2" 6,2 1,620 27,7 OV-30-5-05 30 500 500 160 445 нижнее G1/2" 3,9 1,021 19,3
OC-30-3-13 30 300 1300 160 245 боковое G1/2" 6,7 1,755 29,5 OC-30-5-06 30 500 600 160 445 боковое G1/2" 4,7 1,225 22,6
OV-30-3-13 30 300 1300 160 245 нижнее G1/2" 6,7 1,755 30 OV-30-5-06 30 500 600 160 445 нижнее G1/2" 4,7 1,225 23,1
OC-30-3-14 30 300 1400 160 245 боковое G1/2" 7,2 1,890 31,8 OC-30-5-07 30 500 700 160 445 боковое G1/2" 5,5 1,429 26,4
OV-30-3-14 30 300 1400 160 245 нижнее G1/2" 7,2 1,890 32,3 OV-30-5-07 30 500 700 160 445 нижнее G1/2" 5,5 1,429 26,9
OC-30-3-15 30 300 1500 160 245 боковое G1/2" 7,7 2,025 34,1 OC-30-5-08 30 500 800 160 445 боковое G1/2" 6,3 1,634 30,1
OV-30-3-15 30 300 1500 160 245 нижнее G1/2" 7,7 2,025 34,6 OV-30-5-08 30 500 800 160 445 нижнее G1/2" 6,3 1,634 30,6
OC-30-3-16 30 300 1600 160 245 боковое G1/2" 8,2 2,160 36,3 OC-30-5-09 30 500 900 160 445 боковое G1/2" 7,0 1,838 32,19
OV-30-3-16 30 300 1600 160 245 нижнее G1/2" 8,2 2,160 36,8 OV-30-5-09 30 500 900 160 445 нижнее G1/2" 7,0 1,838 32,7
OC-30-3-17 30 300 1700 160 245 боковое G1/2" 8,8 2,295 38,6 OC-30-5-10 30 500 1000 160 445 боковое G1/2" 7,8 2,042 33,9
OV-30-3-17 30 300 1700 160 245 нижнее G1/2" 8,8 2,295 39,1 OV-30-5-10 30 500 1000 160 445 нижнее G1/2" 7,8 2,042 34,4
OC-30-3-18 30 300 1800 160 245 боковое G1/2" 9,3 2,430 40,9 OC-30-5-11 30 500 1100 160 445 боковое G1/2" 8,6 2,246 41,4
OV-30-3-18 30 300 1800 160 245 нижнее G1/2" 9,3 2,430 41,4 OV-30-5-11 30 500 1100 160 445 нижнее G1/2" 8,6 2,246 41,9
OC-30-3-19 30 300 1900 160 245 боковое G1/2" 9,8 2,565 43,1 OC-30-5-12 30 500 1200 160 445 боковое G1/2" 9,4 2,450 45,2
OV-30-3-19 30 300 1900 160 245 нижнее G1/2" 9,8 2,565 43,6 OV-30-5-12 30 500 1200 160 445 нижнее G1/2" 9,4 2,450 45,7
20 21OC-30-5-13 30 500 1300 160 445 боковое G1/2" 10,2 2,655 49,0 OC-33-3-06 33 300 600 160 245 боковое G1/2" 3,1 1,273 14,5
OV-30-5-13 30 500 1300 160 445 нижнее G1/2" 10,2 2,655 49,5 OV-33-3-06 33 300 600 160 245 нижнее G1/2" 3,1 1,273 15,0
OC-30-5-14 30 500 1400 160 445 боковое G1/2" 10,9 2,859 52,7 OC-33-3-07 33 300 700 160 245 боковое G1/2" 3,6 1,485 17,0
OV-30-5-14 30 500 1400 160 445 нижнее G1/2" 10,9 2,859 53,2 OV-33-3-07 33 300 700 160 245 нижнее G1/2" 3,6 1,485 17,5
OC-30-5-15 30 500 1500 160 445 боковое G1/2" 11,7 3,063 56,5 OC-33-3-08 33 300 800 160 245 боковое G1/2" 4,1 1,697 19,4
OV-30-5-15 30 500 1500 160 445 нижнее G1/2" 11,7 3,063 57,0 OV-33-3-08 33 300 800 160 245 нижнее G1/2" 4,1 1,697 19,9
OC-30-5-16 30 500 1600 160 445 боковое G1/2" 12,5 3,267 60,3 OC-33-3-09 33 300 900 160 245 боковое G1/2" 4,6 1,909 21,8
OV-30-5-16 30 500 1600 160 445 нижнее G1/2" 12,5 3,267 60,8 OV-33-3-09 33 300 900 160 245 нижнее G1/2" 4,6 1,909 22,3
OC-30-5-17 30 500 1700 160 445 боковое G1/2" 13,3 3,471 64,0 OC-33-3-10 33 300 1000 160 245 боковое G1/2" 5,2 2,122 24,2
OV-30-5-17 30 500 1700 160 445 нижнее G1/2" 13,3 3,471 64,5 OV-33-3-10 33 300 1000 160 245 нижнее G1/2" 5,2 2,122 24,7
OC-30-5-18 30 500 1800 160 445 боковое G1/2" 14,1 3,676 67,8 OC-33-3-11 33 300 1100 160 245 боковое G1/2" 5,7 2,334 26,7
OV-30-5-18 30 500 1800 160 445 нижнее G1/2" 14,1 3,676 68,3 OV-33-3-11 33 300 1100 160 245 нижнее G1/2" 5,7 2,334 27,2
OC-30-5-19 30 500 1900 160 445 боковое G1/2" 14,9 3,880 71,6 OC-33-3-12 33 300 1200 160 245 боковое G1/2" 6,2 2,546 29,1
OV-30-5-19 30 500 1900 160 445 нижнее G1/2" 14,9 3,880 72,1 OV-33-3-12 33 300 1200 160 245 нижнее G1/2" 6,2 2,546 29,6
OC-30-5-20 30 500 2000 160 445 боковое G1/2" 15,6 4,084 75,3 OC-33-3-13 33 300 1300 160 245 боковое G1/2" 6,7 2,758 31,5
OV-30-5-20 30 500 2000 160 445 нижнее G1/2" 15,6 4,084 75,8 OV-33-3-13 33 300 1300 160 245 нижнее G1/2" 6,7 2,758 32,0
OC-30-5-21 30 500 2100 160 445 боковое G1/2" 16,4 4,288 79,1 OC-33-3-14 33 300 1400 160 245 боковое G1/2" 7,2 2,970 33,9
OV-30-5-21 30 500 2100 160 445 нижнее G1/2" 16,4 4,288 79,6 OV-33-3-14 33 300 1400 160 245 нижнее G1/2" 7,2 2,970 34,4
OC-30-5-22 30 500 2200 160 445 боковое G1/2" 17,2 4,492 82,9 OC-33-3-15 33 300 1500 160 245 боковое G1/2" 7,7 3,182 36,4
OV-30-5-22 30 500 2200 160 445 нижнее G1/2" 17,2 4,492 83,4 OV-33-3-15 33 300 1500 160 245 нижнее G1/2" 7,7 3,182 36,9
OC-30-5-23 30 500 2300 160 445 боковое G1/2" 18,0 4,697 86,6 OC-33-3-16 33 300 1600 160 245 боковое G1/2" 8,2 3,395 38,8
OV-30-5-23 30 500 2300 160 445 нижнее G1/2" 18,0 4,697 87,1 OV-33-3-16 33 300 1600 160 245 нижнее G1/2" 8,2 3,395 39,3
OC-30-5-24 30 500 2400 160 445 боковое G1/2" 18,8 4,901 90,4 OC-33-3-17 33 300 1700 160 245 боковое G1/2" 8,8 3,607 41,2
OV-30-5-24 30 500 2400 160 445 нижнее G1/2" 18,8 4,901 90,9 OV-33-3-17 33 300 1700 160 245 нижнее G1/2" 8,8 3,607 41,7
OC-30-5-25 30 500 2500 160 445 боковое G1/2" 19,6 5,105 94,2 OC-33-3-18 33 300 1800 160 245 боковое G1/2" 9,3 3,819 43,6
OV-30-5-25 30 500 2500 160 445 нижнее G1/2" 19,6 5,105 94,7 OV-33-3-18 33 300 1800 160 245 нижнее G1/2" 9,3 3,819 44,1
OC-30-5-26 30 500 2600 160 445 боковое G1/2" 20,3 5,309 97,9 OC-33-3-19 33 300 1900 160 245 боковое G1/2" 9,8 4,031 46,0
OV-30-5-26 30 500 2600 160 445 нижнее G1/2" 20,3 5,309 98,4 OV-33-3-19 33 300 1900 160 245 нижнее G1/2" 9,8 4,031 46,5
OC-30-5-27 30 500 2700 160 445 боковое G1/2" 21,1 5,513 101,7 OC-33-3-20 33 300 2000 160 245 боковое G1/2" 10,3 4,243 48,5
OV-30-5-27 30 500 2700 160 445 нижнее G1/2" 21,1 5,513 102,2 OV-33-3-20 33 300 2000 160 245 нижнее G1/2" 10,3 4,243 49,0
OC-30-5-28 30 500 2800 160 445 боковое G1/2" 21,9 5,718 105,5 OC-33-3-21 33 300 2100 160 245 боковое G1/2" 10,8 4,455 50,9
OV-30-5-28 30 500 2800 160 445 нижнее G1/2" 21,9 5,718 106,0 OV-33-3-21 33 300 2100 160 245 нижнее G1/2" 10,8 4,455 51,4
OC-30-5-29 30 500 2900 160 445 боковое G1/2" 22,7 5,922 109,2 OC-33-3-22 33 300 2200 160 245 боковое G1/2" 11,3 4,668 53,3
OV-30-5-29 30 500 2900 160 445 нижнее G1/2" 22,7 5,922 109,7 OV-33-3-22 33 300 2200 160 245 нижнее G1/2" 11,3 4,668 53,8
OC-30-5-30 30 500 3000 160 445 боковое G1/2" 23,5 6,126 113,0 OC-33-3-23 33 300 2300 160 245 боковое G1/2" 11,8 4,880 55,7
OV-30-5-30 30 500 3000 160 445 нижнее G1/2" 23,5 6,126 113,5 OV-33-3-23 33 300 2300 160 245 нижнее G1/2" 11,8 4,880 56,2
OC-33-3-04 33 300 400 160 245 боковое G1/2" 2,1 0,849 9,7 OC-33-3-24 33 300 2400 160 245 боковое G1/2" 12,4 5,092 58,2
OV-33-3-04 33 300 400 160 245 нижнее G1/2" 2,1 0,849 10,2 OV-33-3-24 33 300 2400 160 245 нижнее G1/2" 12,4 5,092 58,7
OC-33-3-05 33 300 500 160 245 боковое G1/2" 2,6 1,061 12,1 OC-33-3-25 33 300 2500 160 245 боковое G1/2" 12,9 5,304 60,6
OV-33-3-05 33 300 500 160 245 нижнее G1/2" 2,6 1,061 12,6 OV-33-3-25 33 300 2500 160 245 нижнее G1/2" 12,9 5,304 61,1
22 23OC-30-5-13 30 500 1300 160 445 боковое G1/2" 10,2 2,655 49,0 OC-33-3-06 33 300 600 160 245 боковое G1/2" 3,1 1,273 14,5
OV-30-5-13 30 500 1300 160 445 нижнее G1/2" 10,2 2,655 49,5 OV-33-3-06 33 300 600 160 245 нижнее G1/2" 3,1 1,273 15,0
OC-30-5-14 30 500 1400 160 445 боковое G1/2" 10,9 2,859 52,7 OC-33-3-07 33 300 700 160 245 боковое G1/2" 3,6 1,485 17,0
OV-30-5-14 30 500 1400 160 445 нижнее G1/2" 10,9 2,859 53,2 OV-33-3-07 33 300 700 160 245 нижнее G1/2" 3,6 1,485 17,5
OC-30-5-15 30 500 1500 160 445 боковое G1/2" 11,7 3,063 56,5 OC-33-3-08 33 300 800 160 245 боковое G1/2" 4,1 1,697 19,4
OV-30-5-15 30 500 1500 160 445 нижнее G1/2" 11,7 3,063 57,0 OV-33-3-08 33 300 800 160 245 нижнее G1/2" 4,1 1,697 19,9
OC-30-5-16 30 500 1600 160 445 боковое G1/2" 12,5 3,267 60,3 OC-33-3-09 33 300 900 160 245 боковое G1/2" 4,6 1,909 21,8
OV-30-5-16 30 500 1600 160 445 нижнее G1/2" 12,5 3,267 60,8 OV-33-3-09 33 300 900 160 245 нижнее G1/2" 4,6 1,909 22,3
OC-30-5-17 30 500 1700 160 445 боковое G1/2" 13,3 3,471 64,0 OC-33-3-10 33 300 1000 160 245 боковое G1/2" 5,2 2,122 24,2
OV-30-5-17 30 500 1700 160 445 нижнее G1/2" 13,3 3,471 64,5 OV-33-3-10 33 300 1000 160 245 нижнее G1/2" 5,2 2,122 24,7
OC-30-5-18 30 500 1800 160 445 боковое G1/2" 14,1 3,676 67,8 OC-33-3-11 33 300 1100 160 245 боковое G1/2" 5,7 2,334 26,7
OV-30-5-18 30 500 1800 160 445 нижнее G1/2" 14,1 3,676 68,3 OV-33-3-11 33 300 1100 160 245 нижнее G1/2" 5,7 2,334 27,2
OC-30-5-19 30 500 1900 160 445 боковое G1/2" 14,9 3,880 71,6 OC-33-3-12 33 300 1200 160 245 боковое G1/2" 6,2 2,546 29,1
OV-30-5-19 30 500 1900 160 445 нижнее G1/2" 14,9 3,880 72,1 OV-33-3-12 33 300 1200 160 245 нижнее G1/2" 6,2 2,546 29,6
OC-30-5-20 30 500 2000 160 445 боковое G1/2" 15,6 4,084 75,3 OC-33-3-13 33 300 1300 160 245 боковое G1/2" 6,7 2,758 31,5
OV-30-5-20 30 500 2000 160 445 нижнее G1/2" 15,6 4,084 75,8 OV-33-3-13 33 300 1300 160 245 нижнее G1/2" 6,7 2,758 32,0
OC-30-5-21 30 500 2100 160 445 боковое G1/2" 16,4 4,288 79,1 OC-33-3-14 33 300 1400 160 245 боковое G1/2" 7,2 2,970 33,9
OV-30-5-21 30 500 2100 160 445 нижнее G1/2" 16,4 4,288 79,6 OV-33-3-14 33 300 1400 160 245 нижнее G1/2" 7,2 2,970 34,4
OC-30-5-22 30 500 2200 160 445 боковое G1/2" 17,2 4,492 82,9 OC-33-3-15 33 300 1500 160 245 боковое G1/2" 7,7 3,182 36,4
OV-30-5-22 30 500 2200 160 445 нижнее G1/2" 17,2 4,492 83,4 OV-33-3-15 33 300 1500 160 245 нижнее G1/2" 7,7 3,182 36,9
OC-30-5-23 30 500 2300 160 445 боковое G1/2" 18,0 4,697 86,6 OC-33-3-16 33 300 1600 160 245 боковое G1/2" 8,2 3,395 38,8
OV-30-5-23 30 500 2300 160 445 нижнее G1/2" 18,0 4,697 87,1 OV-33-3-16 33 300 1600 160 245 нижнее G1/2" 8,2 3,395 39,3
OC-30-5-24 30 500 2400 160 445 боковое G1/2" 18,8 4,901 90,4 OC-33-3-17 33 300 1700 160 245 боковое G1/2" 8,8 3,607 41,2
OV-30-5-24 30 500 2400 160 445 нижнее G1/2" 18,8 4,901 90,9 OV-33-3-17 33 300 1700 160 245 нижнее G1/2" 8,8 3,607 41,7
OC-30-5-25 30 500 2500 160 445 боковое G1/2" 19,6 5,105 94,2 OC-33-3-18 33 300 1800 160 245 боковое G1/2" 9,3 3,819 43,6
OV-30-5-25 30 500 2500 160 445 нижнее G1/2" 19,6 5,105 94,7 OV-33-3-18 33 300 1800 160 245 нижнее G1/2" 9,3 3,819 44,1
OC-30-5-26 30 500 2600 160 445 боковое G1/2" 20,3 5,309 97,9 OC-33-3-19 33 300 1900 160 245 боковое G1/2" 9,8 4,031 46,0
OV-30-5-26 30 500 2600 160 445 нижнее G1/2" 20,3 5,309 98,4 OV-33-3-19 33 300 1900 160 245 нижнее G1/2" 9,8 4,031 46,5
OC-30-5-27 30 500 2700 160 445 боковое G1/2" 21,1 5,513 101,7 OC-33-3-20 33 300 2000 160 245 боковое G1/2" 10,3 4,243 48,5
OV-30-5-27 30 500 2700 160 445 нижнее G1/2" 21,1 5,513 102,2 OV-33-3-20 33 300 2000 160 245 нижнее G1/2" 10,3 4,243 49,0
OC-30-5-28 30 500 2800 160 445 боковое G1/2" 21,9 5,718 105,5 OC-33-3-21 33 300 2100 160 245 боковое G1/2" 10,8 4,455 50,9
OV-30-5-28 30 500 2800 160 445 нижнее G1/2" 21,9 5,718 106,0 OV-33-3-21 33 300 2100 160 245 нижнее G1/2" 10,8 4,455 51,4
OC-30-5-29 30 500 2900 160 445 боковое G1/2" 22,7 5,922 109,2 OC-33-3-22 33 300 2200 160 245 боковое G1/2" 11,3 4,668 53,3
OV-30-5-29 30 500 2900 160 445 нижнее G1/2" 22,7 5,922 109,7 OV-33-3-22 33 300 2200 160 245 нижнее G1/2" 11,3 4,668 53,8
OC-30-5-30 30 500 3000 160 445 боковое G1/2" 23,5 6,126 113,0 OC-33-3-23 33 300 2300 160 245 боковое G1/2" 11,8 4,880 55,7
OV-30-5-30 30 500 3000 160 445 нижнее G1/2" 23,5 6,126 113,5 OV-33-3-23 33 300 2300 160 245 нижнее G1/2" 11,8 4,880 56,2
OC-33-3-04 33 300 400 160 245 боковое G1/2" 2,1 0,849 9,7 OC-33-3-24 33 300 2400 160 245 боковое G1/2" 12,4 5,092 58,2
OV-33-3-04 33 300 400 160 245 нижнее G1/2" 2,1 0,849 10,2 OV-33-3-24 33 300 2400 160 245 нижнее G1/2" 12,4 5,092 58,7
OC-33-3-05 33 300 500 160 245 боковое G1/2" 2,6 1,061 12,1 OC-33-3-25 33 300 2500 160 245 боковое G1/2" 12,9 5,304 60,6
OV-33-3-05 33 300 500 160 245 нижнее G1/2" 2,6 1,061 12,6 OV-33-3-25 33 300 2500 160 245 нижнее G1/2" 12,9 5,304 61,1
22 23OC-33-3-26 33 300 2600 160 245 боковое G1/2" 13,4 5,516 63,0 OC-33-4-19 33 400 1900 160 345 боковое G1/2" 12,3 5,138 63,2
OV-33-3-26 33 300 2600 160 245 нижнее G1/2" 13,4 5,516 63,5 OV-33-4-19 33 400 1900 160 345 нижнее G1/2" 12,3 5,138 63,7
OC-33-3-27 33 300 2700 160 245 боковое G1/2" 13,9 5,728 65,4 OC-33-4-20 33 400 2000 160 345 боковое G1/2" 13,0 5,408 66,6
OV-33-3-27 33 300 2700 160 245 нижнее G1/2" 13,9 5,728 65,9 OV-33-4-20 33 400 2000 160 345 нижнее G1/2" 13,0 5,408 67,1
OC-33-3-28 33 300 2800 160 245 боковое G1/2" 14,4 5,941 67,9 OC-33-4-21 33 400 2100 160 345 боковое G1/2" 13,6 5,679 69,9
OV-33-3-28 33 300 2800 160 245 нижнее G1/2" 14,4 5,941 68,4 OV-33-4-21 33 400 2100 160 345 нижнее G1/2" 13,6 5,679 70,4
OC-33-3-29 33 300 2900 160 245 боковое G1/2" 14,9 6,153 70,3 OC-33-4-22 33 400 2200 160 345 боковое G1/2" 14,3 5,949 73,2
OV-33-3-29 33 300 2900 160 245 нижнее G1/2" 14,9 6,153 70,8 OV-33-4-22 33 400 2200 160 345 нижнее G1/2" 14,3 5,949 73,7
OC-33-3-30 33 300 3000 160 245 боковое G1/2" 15,5 6,365 72,7 OC-33-4-23 33 400 2300 160 345 боковое G1/2" 14,9 6,219 76,6
OV-33-3-30 33 300 3000 160 245 нижнее G1/2" 15,5 6,365 73,2 OV-33-4-23 33 400 2300 160 345 нижнее G1/2" 14,9 6,219 77,1
OC-33-4-04 33 400 400 160 345 боковое G1/2" 2,6 1,082 13,3 OC-33-4-24 33 400 2400 160 345 боковое G1/2" 15,6 6,490 79,9
OV-33-4-04 33 400 400 160 345 нижнее G1/2" 2,6 1,082 13,8 OV-33-4-24 33 400 2400 160 345 нижнее G1/2" 15,6 6,490 80,4
OC-33-4-05 33 400 500 160 345 боковое G1/2" 3,2 1,352 16,6 OC-33-4-25 33 400 2500 160 345 боковое G1/2" 16,2 6,760 83,2
OV-33-4-05 33 400 500 160 345 нижнее G1/2" 3,2 1,352 17,1 OV-33-4-25 33 400 2500 160 345 нижнее G1/2" 16,2 6,760 83,7
OC-33-4-06 33 400 600 160 345 боковое G1/2" 3,9 1,622 20,0 OC-33-4-26 33 400 2600 160 345 боковое G1/2" 16,8 7,031 86,5
OV-33-4-06 33 400 600 160 345 нижнее G1/2" 3,9 1,622 20,5 OV-33-4-26 33 400 2600 160 345 нижнее G1/2" 16,8 7,031 87
OC-33-4-07 33 400 700 160 345 боковое G1/2" 4,5 1,893 23,3 OC-33-4-27 33 400 2700 160 345 боковое G1/2" 17,5 7,301 89,9
OV-33-4-07 33 400 700 160 345 нижнее G1/2" 4,5 1,893 23,8 OV-33-4-27 33 400 2700 160 345 нижнее G1/2" 17,5 7,301 90,4
OC-33-4-08 33 400 800 160 345 боковое G1/2" 5,2 2,163 26,6 OC-33-4-28 33 400 2800 160 345 боковое G1/2" 18,1 7,572 93,2
OV-33-4-08 33 400 800 160 345 нижнее G1/2" 5,2 2,163 27,1 OV-33-4-28 33 400 2800 160 345 нижнее G1/2" 18,1 7,572 93,7
OC-33-4-09 33 400 900 160 345 боковое G1/2" 5,8 2,434 29,9 OC-33-4-29 33 400 2900 160 345 боковое G1/2" 18,8 7,842 96,5
OV-33-4-09 33 400 900 160 345 нижнее G1/2" 5,8 2,434 30,4 OV-33-4-29 33 400 2900 160 345 нижнее G1/2" 18,8 7,842 97,0
OC-33-4-10 33 400 1000 160 345 боковое G1/2" 6,5 2,704 33,3 OC-33-4-30 33 400 3000 160 345 боковое G1/2" 19,4 8,112 99,8
OV-33-4-10 33 400 1000 160 345 нижнее G1/2" 6,5 2,704 33,8 OV-33-4-30 33 400 3000 160 345 нижнее G1/2" 19,4 8,112 100,3
OC-33-4-11 33 400 1100 160 345 боковое G1/2" 7,1 2,975 36,6 OC-33-5-04 33 500 400 160 445 боковое G1/2" 3,1 1,303 16,92
OV-33-4-11 33 400 1100 160 345 нижнее G1/2" 7,1 2,975 37,1 OV-33-5-04 33 500 400 160 445 нижнее G1/2" 3,1 1,303 17,42
OC-33-4-12 33 400 1200 160 345 боковое G1/2" 7,8 3,245 39,9 OC-33-5-05 33 500 500 160 445 боковое G1/2" 3,9 1,629 20,68
OV-33-4-12 33 400 1200 160 345 нижнее G1/2" 7,8 3,245 40,4 OV-33-5-05 33 500 500 160 445 нижнее G1/2" 3,9 1,629 21,18
OC-33-4-13 33 400 1300 160 345 боковое G1/2" 8,4 3,515 43,3 OC-33-5-06 33 500 600 160 445 боковое G1/2" 4,7 1,954 24,44
OV-33-4-13 33 400 1300 160 345 нижнее G1/2" 8,4 3,515 43,8 OV-33-5-06 33 500 600 160 445 нижнее G1/2" 4,7 1,954 24,94
OC-33-4-14 33 400 1400 160 345 боковое G1/2" 9,1 3,786 46,6 OC-33-5-07 33 500 700 160 445 боковое G1/2" 5,5 2,280 28,20
OV-33-4-14 33 400 1400 160 345 нижнее G1/2" 9,1 3,786 47,1 OV-33-5-07 33 500 700 160 445 нижнее G1/2" 5,5 2,280 28,7
OC-33-4-15 33 400 1500 160 345 боковое G1/2" 9,7 4,056 49,9 OC-33-5-08 33 500 800 160 445 боковое G1/2" 6,3 2,606 31,97
OV-33-4-15 33 400 1500 160 345 нижнее G1/2" 9,7 4,056 50,4 OV-33-5-08 33 500 800 160 445 нижнее G1/2" 6,3 2,606 32,47
OC-33-4-16 33 400 1600 160 345 боковое G1/2" 10,4 4,327 53,3 OC-33-5-09 33 500 900 160 445 боковое G1/2" 7,0 2,931 35,86
OV-33-4-16 33 400 1600 160 345 нижнее G1/2" 10,4 4,327 53,8 OV-33-5-09 33 500 900 160 445 нижнее G1/2" 7,0 2,931 36,36
OC-33-4-17 33 400 1700 160 345 боковое G1/2" 11,0 4,597 56,6 OC-33-5-10 33 500 1000 160 445 боковое G1/2" 7,8 3,257 39,62
OV-33-4-17 33 400 1700 160 345 нижнее G1/2" 11,0 4,597 57,1 OV-33-5-10 33 500 1000 160 445 нижнее G1/2" 7,8 3,257 40,12
OC-33-4-18 33 400 1800 160 345 боковое G1/2" 11,7 4,867 59,9 OC-33-5-11 33 500 1100 160 445 боковое G1/2" 8,6 3,583 45,0
OV-33-4-18 33 400 1800 160 345 нижнее G1/2" 11,7 4,867 60,4 OV-33-5-11 33 500 1100 160 445 нижнее G1/2" 8,6 3,583 45,46
24 25OC-33-3-26 33 300 2600 160 245 боковое G1/2" 13,4 5,516 63,0 OC-33-4-19 33 400 1900 160 345 боковое G1/2" 12,3 5,138 63,2
OV-33-3-26 33 300 2600 160 245 нижнее G1/2" 13,4 5,516 63,5 OV-33-4-19 33 400 1900 160 345 нижнее G1/2" 12,3 5,138 63,7
OC-33-3-27 33 300 2700 160 245 боковое G1/2" 13,9 5,728 65,4 OC-33-4-20 33 400 2000 160 345 боковое G1/2" 13,0 5,408 66,6
OV-33-3-27 33 300 2700 160 245 нижнее G1/2" 13,9 5,728 65,9 OV-33-4-20 33 400 2000 160 345 нижнее G1/2" 13,0 5,408 67,1
OC-33-3-28 33 300 2800 160 245 боковое G1/2" 14,4 5,941 67,9 OC-33-4-21 33 400 2100 160 345 боковое G1/2" 13,6 5,679 69,9
OV-33-3-28 33 300 2800 160 245 нижнее G1/2" 14,4 5,941 68,4 OV-33-4-21 33 400 2100 160 345 нижнее G1/2" 13,6 5,679 70,4
OC-33-3-29 33 300 2900 160 245 боковое G1/2" 14,9 6,153 70,3 OC-33-4-22 33 400 2200 160 345 боковое G1/2" 14,3 5,949 73,2
OV-33-3-29 33 300 2900 160 245 нижнее G1/2" 14,9 6,153 70,8 OV-33-4-22 33 400 2200 160 345 нижнее G1/2" 14,3 5,949 73,7
OC-33-3-30 33 300 3000 160 245 боковое G1/2" 15,5 6,365 72,7 OC-33-4-23 33 400 2300 160 345 боковое G1/2" 14,9 6,219 76,6
OV-33-3-30 33 300 3000 160 245 нижнее G1/2" 15,5 6,365 73,2 OV-33-4-23 33 400 2300 160 345 нижнее G1/2" 14,9 6,219 77,1
OC-33-4-04 33 400 400 160 345 боковое G1/2" 2,6 1,082 13,3 OC-33-4-24 33 400 2400 160 345 боковое G1/2" 15,6 6,490 79,9
OV-33-4-04 33 400 400 160 345 нижнее G1/2" 2,6 1,082 13,8 OV-33-4-24 33 400 2400 160 345 нижнее G1/2" 15,6 6,490 80,4
OC-33-4-05 33 400 500 160 345 боковое G1/2" 3,2 1,352 16,6 OC-33-4-25 33 400 2500 160 345 боковое G1/2" 16,2 6,760 83,2
OV-33-4-05 33 400 500 160 345 нижнее G1/2" 3,2 1,352 17,1 OV-33-4-25 33 400 2500 160 345 нижнее G1/2" 16,2 6,760 83,7
OC-33-4-06 33 400 600 160 345 боковое G1/2" 3,9 1,622 20,0 OC-33-4-26 33 400 2600 160 345 боковое G1/2" 16,8 7,031 86,5
OV-33-4-06 33 400 600 160 345 нижнее G1/2" 3,9 1,622 20,5 OV-33-4-26 33 400 2600 160 345 нижнее G1/2" 16,8 7,031 87
OC-33-4-07 33 400 700 160 345 боковое G1/2" 4,5 1,893 23,3 OC-33-4-27 33 400 2700 160 345 боковое G1/2" 17,5 7,301 89,9
OV-33-4-07 33 400 700 160 345 нижнее G1/2" 4,5 1,893 23,8 OV-33-4-27 33 400 2700 160 345 нижнее G1/2" 17,5 7,301 90,4
OC-33-4-08 33 400 800 160 345 боковое G1/2" 5,2 2,163 26,6 OC-33-4-28 33 400 2800 160 345 боковое G1/2" 18,1 7,572 93,2
OV-33-4-08 33 400 800 160 345 нижнее G1/2" 5,2 2,163 27,1 OV-33-4-28 33 400 2800 160 345 нижнее G1/2" 18,1 7,572 93,7
OC-33-4-09 33 400 900 160 345 боковое G1/2" 5,8 2,434 29,9 OC-33-4-29 33 400 2900 160 345 боковое G1/2" 18,8 7,842 96,5
OV-33-4-09 33 400 900 160 345 нижнее G1/2" 5,8 2,434 30,4 OV-33-4-29 33 400 2900 160 345 нижнее G1/2" 18,8 7,842 97,0
OC-33-4-10 33 400 1000 160 345 боковое G1/2" 6,5 2,704 33,3 OC-33-4-30 33 400 3000 160 345 боковое G1/2" 19,4 8,112 99,8
OV-33-4-10 33 400 1000 160 345 нижнее G1/2" 6,5 2,704 33,8 OV-33-4-30 33 400 3000 160 345 нижнее G1/2" 19,4 8,112 100,3
OC-33-4-11 33 400 1100 160 345 боковое G1/2" 7,1 2,975 36,6 OC-33-5-04 33 500 400 160 445 боковое G1/2" 3,1 1,303 16,92
OV-33-4-11 33 400 1100 160 345 нижнее G1/2" 7,1 2,975 37,1 OV-33-5-04 33 500 400 160 445 нижнее G1/2" 3,1 1,303 17,42
OC-33-4-12 33 400 1200 160 345 боковое G1/2" 7,8 3,245 39,9 OC-33-5-05 33 500 500 160 445 боковое G1/2" 3,9 1,629 20,68
OV-33-4-12 33 400 1200 160 345 нижнее G1/2" 7,8 3,245 40,4 OV-33-5-05 33 500 500 160 445 нижнее G1/2" 3,9 1,629 21,18
OC-33-4-13 33 400 1300 160 345 боковое G1/2" 8,4 3,515 43,3 OC-33-5-06 33 500 600 160 445 боковое G1/2" 4,7 1,954 24,44
OV-33-4-13 33 400 1300 160 345 нижнее G1/2" 8,4 3,515 43,8 OV-33-5-06 33 500 600 160 445 нижнее G1/2" 4,7 1,954 24,94
OC-33-4-14 33 400 1400 160 345 боковое G1/2" 9,1 3,786 46,6 OC-33-5-07 33 500 700 160 445 боковое G1/2" 5,5 2,280 28,20
OV-33-4-14 33 400 1400 160 345 нижнее G1/2" 9,1 3,786 47,1 OV-33-5-07 33 500 700 160 445 нижнее G1/2" 5,5 2,280 28,7
OC-33-4-15 33 400 1500 160 345 боковое G1/2" 9,7 4,056 49,9 OC-33-5-08 33 500 800 160 445 боковое G1/2" 6,3 2,606 31,97
OV-33-4-15 33 400 1500 160 345 нижнее G1/2" 9,7 4,056 50,4 OV-33-5-08 33 500 800 160 445 нижнее G1/2" 6,3 2,606 32,47
OC-33-4-16 33 400 1600 160 345 боковое G1/2" 10,4 4,327 53,3 OC-33-5-09 33 500 900 160 445 боковое G1/2" 7,0 2,931 35,86
OV-33-4-16 33 400 1600 160 345 нижнее G1/2" 10,4 4,327 53,8 OV-33-5-09 33 500 900 160 445 нижнее G1/2" 7,0 2,931 36,36
OC-33-4-17 33 400 1700 160 345 боковое G1/2" 11,0 4,597 56,6 OC-33-5-10 33 500 1000 160 445 боковое G1/2" 7,8 3,257 39,62
OV-33-4-17 33 400 1700 160 345 нижнее G1/2" 11,0 4,597 57,1 OV-33-5-10 33 500 1000 160 445 нижнее G1/2" 7,8 3,257 40,12
OC-33-4-18 33 400 1800 160 345 боковое G1/2" 11,7 4,867 59,9 OC-33-5-11 33 500 1100 160 445 боковое G1/2" 8,6 3,583 45,0
OV-33-4-18 33 400 1800 160 345 нижнее G1/2" 11,7 4,867 60,4 OV-33-5-11 33 500 1100 160 445 нижнее G1/2" 8,6 3,583 45,46
24 25OC-33-5-12 33 500 1200 160 445 боковое G1/2" 9,4 3,908 49,1 OC-33-6-05 33 600 500 160 545 боковое G1/2" 4,6 1,892 24,6
OV-33-5-12 33 500 1200 160 445 нижнее G1/2" 9,4 3,908 49,55 OV-33-6-05 33 600 500 160 545 нижнее G1/2" 4,6 1,892 25,1
OC-33-5-13 33 500 1300 160 445 боковое G1/2" 10,2 4,234 53,1 OC-33-6-06 33 600 600 160 545 боковое G1/2" 5,5 2,270 29,5
OV-33-5-13 33 500 1300 160 445 нижнее G1/2" 10,2 4,234 53,64 OV-33-6-06 33 600 600 160 545 нижнее G1/2" 5,5 2,270 30,0
OC-33-5-14 33 500 1400 160 445 боковое G1/2" 10,9 4,560 54,17 OC-33-6-07 33 600 700 160 545 боковое G1/2" 6,4 2,648 34,4
OV-33-5-14 33 500 1400 160 445 нижнее G1/2" 10,9 4,560 54,67 OV-33-6-07 33 600 700 160 545 нижнее G1/2" 6,4 2,648 34,9
OC-33-5-15 33 500 1500 160 445 боковое G1/2" 11,7 4,886 61,3 OC-33-6-08 33 600 800 160 545 боковое G1/2" 7,3 3,027 39,4
OV-33-5-15 33 500 1500 160 445 нижнее G1/2" 11,7 4,886 61,81 OV-33-6-08 33 600 800 160 545 нижнее G1/2" 7,3 3,027 39,9
OC-33-5-16 33 500 1600 160 445 боковое G1/2" 12,5 5,211 65,4 OC-33-6-09 33 600 900 160 545 боковое G1/2" 8,2 3,405 44,3
OV-33-5-16 33 500 1600 160 445 нижнее G1/2" 12,5 5,211 65,89 OV-33-6-09 33 600 900 160 545 нижнее G1/2" 8,2 3,405 44,8
OC-33-5-17 33 500 1700 160 445 боковое G1/2" 13,3 5,537 69,5 OC-33-6-10 33 600 1000 160 545 боковое G1/2" 9,2 3,783 49,2
OV-33-5-17 33 500 1700 160 445 нижнее G1/2" 13,3 5,537 69,99 OV-33-6-10 33 600 1000 160 545 нижнее G1/2" 9,2 3,783 49,7
OC-33-5-18 33 500 1800 160 445 боковое G1/2" 14,1 5,863 73,6 OC-33-6-11 33 600 1100 160 545 боковое G1/2" 10,1 4,161 54,1
OV-33-5-18 33 500 1800 160 445 нижнее G1/2" 14,1 5,863 73,65 OV-33-6-11 33 600 1100 160 545 нижнее G1/2" 10,1 4,161 54,6
OC-33-5-19 33 500 1900 160 445 боковое G1/2" 14,9 6,188 74,07 OC-33-6-12 33 600 1200 160 545 боковое G1/2" 11,0 4,540 59,0
OV-33-5-19 33 500 1900 160 445 нижнее G1/2" 14,9 6,188 74,15 OV-33-6-12 33 600 1200 160 545 нижнее G1/2" 11,0 4,540 59,5
OC-33-5-20 33 500 2000 160 445 боковое G1/2" 15,6 6,514 77,41 OC-33-6-13 33 600 1300 160 545 боковое G1/2" 11,9 4,918 64,0
OV-33-5-20 33 500 2000 160 445 нижнее G1/2" 15,6 6,514 77,91 OV-33-6-13 33 600 1300 160 545 нижнее G1/2" 11,9 4,918 64,5
OC-33-5-21 33 500 2100 160 445 боковое G1/2" 16,4 6,840 81,18 OC-33-6-14 33 600 1400 160 545 боковое G1/2" 12,8 5,296 68,9
OV-33-5-21 33 500 2100 160 445 нижнее G1/2" 16,4 6,840 81,68 OV-33-6-14 33 600 1400 160 545 нижнее G1/2" 12,8 5,296 69,4
OC-33-5-22 33 500 2200 160 445 боковое G1/2" 17,2 7,165 89,9 OC-33-6-15 33 600 1500 160 545 боковое G1/2" 13,7 5,675 73,8
OV-33-5-22 33 500 2200 160 445 нижнее G1/2" 17,2 7,165 90,42 OV-33-6-15 33 600 1500 160 545 нижнее G1/2" 13,7 5,675 74,3
OC-33-5-23 33 500 2300 160 445 боковое G1/2" 18,0 7,491 94,0 OC-33-6-16 33 600 1600 160 545 боковое G1/2" 14,6 6,053 78,7
OV-33-5-23 33 500 2300 160 445 нижнее G1/2" 18,0 7,491 94,51 OV-33-6-16 33 600 1600 160 545 нижнее G1/2" 14,6 6,053 79,2
OC-33-5-24 33 500 2400 160 445 боковое G1/2" 18,8 7,817 96,23 OC-33-6-17 33 600 1700 160 545 боковое G1/2" 15,6 6,431 83,6
OV-33-5-24 33 500 2400 160 445 нижнее G1/2" 18,8 7,817 96,73 OV-33-6-17 33 600 1700 160 545 нижнее G1/2" 15,6 6,431 84,1
OC-33-5-25 33 500 2500 160 445 боковое G1/2" 19,6 8,143 98,1 OC-33-6-18 33 600 1800 160 545 боковое G1/2" 16,5 6,810 88,5
OV-33-5-25 33 500 2500 160 445 нижнее G1/2" 19,6 8,143 98,6 OV-33-6-18 33 600 1800 160 545 нижнее G1/2" 16,5 6,810 89,0
OC-33-5-26 33 500 2600 160 445 боковое G1/2" 20,3 8,468 106,3 OC-33-6-19 33 600 1900 160 545 боковое G1/2" 17,4 7,188 93,5
OV-33-5-26 33 500 2600 160 445 нижнее G1/2" 20,3 8,468 106,77 OV-33-6-19 33 600 1900 160 545 нижнее G1/2" 17,4 7,188 94,0
OC-33-5-27 33 500 2700 160 445 боковое G1/2" 21,1 8,794 110,4 OC-33-6-20 33 600 2000 160 545 боковое G1/2" 18,3 7,566 98,4
OV-33-5-27 33 500 2700 160 445 нижнее G1/2" 21,1 8,794 110,87 OV-33-6-20 33 600 2000 160 545 нижнее G1/2" 18,3 7,566 98,9
OC-33-5-28 33 500 2800 160 445 боковое G1/2" 21,9 9,120 114,4 OC-33-6-21 33 600 2100 160 545 боковое G1/2" 19,2 7,945 103,3
OV-33-5-28 33 500 2800 160 445 нижнее G1/2" 21,9 9,120 114,95 OV-33-6-21 33 600 2100 160 545 нижнее G1/2" 19,2 7,945 103,8
OC-33-5-29 33 500 2900 160 445 боковое G1/2" 22,7 9,445 118,5 OC-33-6-22 33 600 2200 160 545 боковое G1/2" 20,1 8,323 108,2
OV-33-5-29 33 500 2900 160 445 нижнее G1/2" 22,7 9,445 119,04 OV-33-6-22 33 600 2200 160 545 нижнее G1/2" 20,1 8,323 108,7
OC-33-5-30 33 500 3000 160 445 боковое G1/2" 23,5 9,771 122,6 OC-33-6-23 33 600 2300 160 545 боковое G1/2" 21,0 8,701 113,2
OV-33-5-30 33 500 3000 160 445 нижнее G1/2" 23,5 9,771 123,12 OV-33-6-23 33 600 2300 160 545 нижнее G1/2" 21,0 8,701 113,7
OC-33-6-04 33 600 400 160 545 боковое G1/2" 3,7 1,513 19,7 OC-33-6-24 33 600 2400 160 545 боковое G1/2" 22,0 9,080 118,1
OV-33-6-04 33 600 400 160 545 нижнее G1/2" 3,7 1,513 20,2 OV-33-6-24 33 600 2400 160 545 нижнее G1/2" 22,0 9,080 118,6
26 27OC-33-5-12 33 500 1200 160 445 боковое G1/2" 9,4 3,908 49,1 OC-33-6-05 33 600 500 160 545 боковое G1/2" 4,6 1,892 24,6
OV-33-5-12 33 500 1200 160 445 нижнее G1/2" 9,4 3,908 49,55 OV-33-6-05 33 600 500 160 545 нижнее G1/2" 4,6 1,892 25,1
OC-33-5-13 33 500 1300 160 445 боковое G1/2" 10,2 4,234 53,1 OC-33-6-06 33 600 600 160 545 боковое G1/2" 5,5 2,270 29,5
OV-33-5-13 33 500 1300 160 445 нижнее G1/2" 10,2 4,234 53,64 OV-33-6-06 33 600 600 160 545 нижнее G1/2" 5,5 2,270 30,0
OC-33-5-14 33 500 1400 160 445 боковое G1/2" 10,9 4,560 54,17 OC-33-6-07 33 600 700 160 545 боковое G1/2" 6,4 2,648 34,4
OV-33-5-14 33 500 1400 160 445 нижнее G1/2" 10,9 4,560 54,67 OV-33-6-07 33 600 700 160 545 нижнее G1/2" 6,4 2,648 34,9
OC-33-5-15 33 500 1500 160 445 боковое G1/2" 11,7 4,886 61,3 OC-33-6-08 33 600 800 160 545 боковое G1/2" 7,3 3,027 39,4
OV-33-5-15 33 500 1500 160 445 нижнее G1/2" 11,7 4,886 61,81 OV-33-6-08 33 600 800 160 545 нижнее G1/2" 7,3 3,027 39,9
OC-33-5-16 33 500 1600 160 445 боковое G1/2" 12,5 5,211 65,4 OC-33-6-09 33 600 900 160 545 боковое G1/2" 8,2 3,405 44,3
OV-33-5-16 33 500 1600 160 445 нижнее G1/2" 12,5 5,211 65,89 OV-33-6-09 33 600 900 160 545 нижнее G1/2" 8,2 3,405 44,8
OC-33-5-17 33 500 1700 160 445 боковое G1/2" 13,3 5,537 69,5 OC-33-6-10 33 600 1000 160 545 боковое G1/2" 9,2 3,783 49,2
OV-33-5-17 33 500 1700 160 445 нижнее G1/2" 13,3 5,537 69,99 OV-33-6-10 33 600 1000 160 545 нижнее G1/2" 9,2 3,783 49,7
OC-33-5-18 33 500 1800 160 445 боковое G1/2" 14,1 5,863 73,6 OC-33-6-11 33 600 1100 160 545 боковое G1/2" 10,1 4,161 54,1
OV-33-5-18 33 500 1800 160 445 нижнее G1/2" 14,1 5,863 73,65 OV-33-6-11 33 600 1100 160 545 нижнее G1/2" 10,1 4,161 54,6
OC-33-5-19 33 500 1900 160 445 боковое G1/2" 14,9 6,188 74,07 OC-33-6-12 33 600 1200 160 545 боковое G1/2" 11,0 4,540 59,0
OV-33-5-19 33 500 1900 160 445 нижнее G1/2" 14,9 6,188 74,15 OV-33-6-12 33 600 1200 160 545 нижнее G1/2" 11,0 4,540 59,5
OC-33-5-20 33 500 2000 160 445 боковое G1/2" 15,6 6,514 77,41 OC-33-6-13 33 600 1300 160 545 боковое G1/2" 11,9 4,918 64,0
OV-33-5-20 33 500 2000 160 445 нижнее G1/2" 15,6 6,514 77,91 OV-33-6-13 33 600 1300 160 545 нижнее G1/2" 11,9 4,918 64,5
OC-33-5-21 33 500 2100 160 445 боковое G1/2" 16,4 6,840 81,18 OC-33-6-14 33 600 1400 160 545 боковое G1/2" 12,8 5,296 68,9
OV-33-5-21 33 500 2100 160 445 нижнее G1/2" 16,4 6,840 81,68 OV-33-6-14 33 600 1400 160 545 нижнее G1/2" 12,8 5,296 69,4
OC-33-5-22 33 500 2200 160 445 боковое G1/2" 17,2 7,165 89,9 OC-33-6-15 33 600 1500 160 545 боковое G1/2" 13,7 5,675 73,8
OV-33-5-22 33 500 2200 160 445 нижнее G1/2" 17,2 7,165 90,42 OV-33-6-15 33 600 1500 160 545 нижнее G1/2" 13,7 5,675 74,3
OC-33-5-23 33 500 2300 160 445 боковое G1/2" 18,0 7,491 94,0 OC-33-6-16 33 600 1600 160 545 боковое G1/2" 14,6 6,053 78,7
OV-33-5-23 33 500 2300 160 445 нижнее G1/2" 18,0 7,491 94,51 OV-33-6-16 33 600 1600 160 545 нижнее G1/2" 14,6 6,053 79,2
OC-33-5-24 33 500 2400 160 445 боковое G1/2" 18,8 7,817 96,23 OC-33-6-17 33 600 1700 160 545 боковое G1/2" 15,6 6,431 83,6
OV-33-5-24 33 500 2400 160 445 нижнее G1/2" 18,8 7,817 96,73 OV-33-6-17 33 600 1700 160 545 нижнее G1/2" 15,6 6,431 84,1
OC-33-5-25 33 500 2500 160 445 боковое G1/2" 19,6 8,143 98,1 OC-33-6-18 33 600 1800 160 545 боковое G1/2" 16,5 6,810 88,5
OV-33-5-25 33 500 2500 160 445 нижнее G1/2" 19,6 8,143 98,6 OV-33-6-18 33 600 1800 160 545 нижнее G1/2" 16,5 6,810 89,0
OC-33-5-26 33 500 2600 160 445 боковое G1/2" 20,3 8,468 106,3 OC-33-6-19 33 600 1900 160 545 боковое G1/2" 17,4 7,188 93,5
OV-33-5-26 33 500 2600 160 445 нижнее G1/2" 20,3 8,468 106,77 OV-33-6-19 33 600 1900 160 545 нижнее G1/2" 17,4 7,188 94,0
OC-33-5-27 33 500 2700 160 445 боковое G1/2" 21,1 8,794 110,4 OC-33-6-20 33 600 2000 160 545 боковое G1/2" 18,3 7,566 98,4
OV-33-5-27 33 500 2700 160 445 нижнее G1/2" 21,1 8,794 110,87 OV-33-6-20 33 600 2000 160 545 нижнее G1/2" 18,3 7,566 98,9
OC-33-5-28 33 500 2800 160 445 боковое G1/2" 21,9 9,120 114,4 OC-33-6-21 33 600 2100 160 545 боковое G1/2" 19,2 7,945 103,3
OV-33-5-28 33 500 2800 160 445 нижнее G1/2" 21,9 9,120 114,95 OV-33-6-21 33 600 2100 160 545 нижнее G1/2" 19,2 7,945 103,8
OC-33-5-29 33 500 2900 160 445 боковое G1/2" 22,7 9,445 118,5 OC-33-6-22 33 600 2200 160 545 боковое G1/2" 20,1 8,323 108,2
OV-33-5-29 33 500 2900 160 445 нижнее G1/2" 22,7 9,445 119,04 OV-33-6-22 33 600 2200 160 545 нижнее G1/2" 20,1 8,323 108,7
OC-33-5-30 33 500 3000 160 445 боковое G1/2" 23,5 9,771 122,6 OC-33-6-23 33 600 2300 160 545 боковое G1/2" 21,0 8,701 113,2
OV-33-5-30 33 500 3000 160 445 нижнее G1/2" 23,5 9,771 123,12 OV-33-6-23 33 600 2300 160 545 нижнее G1/2" 21,0 8,701 113,7
OC-33-6-04 33 600 400 160 545 боковое G1/2" 3,7 1,513 19,7 OC-33-6-24 33 600 2400 160 545 боковое G1/2" 22,0 9,080 118,1
OV-33-6-04 33 600 400 160 545 нижнее G1/2" 3,7 1,513 20,2 OV-33-6-24 33 600 2400 160 545 нижнее G1/2" 22,0 9,080 118,6
26 27